0.6	0.6	4	0.5	0	3.51033	1.9177	5.19994	0	0	0	0.0225	0.0225	1	1	1
0.440142	0.651287	4	0.5	0	0.862916	0.534212	0.859997	0.600045	4.19815	0.0693654	-0.0275513	4.18805	0.290973	5.19975	0.00179686	0	3.64073	0.00839452	0.0125268	0.841858	0.779124	1.00372
0.900159	0.578393	4.19815	0.0679878	-0.0275513	1.17385	0.481073	1.11998	0.600225	4.5977	-0.22618	-0.0582784	4.48059	-1.03106	5.19943	0.00538996	2.09661	3.64073	0.0114466	0.00738351	0.764811	0.705211	1.00936
1.19331	0.528959	4.5977	-0.229094	-0.0582784	0.969149	0.397513	1.37996	0.600629	4.88247	-0.0106877	0.0283497	4.88219	-0.0521812	5.19898	0.0107781	2.09661	1.85888	0.0102505	0.00290484	0.558989	0.145499	1.00059
1.47327	0.517265	4.88247	-0.00927016	0.0283497	1.65063	0.62469	1.6399	0.601347	5.04206	0.0597865	0.0216402	5.03305	0.301268	5.19839	0.0179597	1.19018	1.85888	0.00823952	0.0076579	0.538307	0.111555	1.00241
1.77805	0.574065	5.04206	0.0608686	0.0216402	1.62331	0.499091	1.89982	0.60247	5.42113	0.0544857	0.0708765	5.41308	0.295228	5.19766	0.0269323	1.19018	0.838855	0.00727724	0.00322491	0.128472	0.0221108	0.969183
2.06847	0.576764	5.42113	0.0580296	0.0708765	2.18882	0.648739	2.1597	0.604086	5.46419	0.0736962	0.0749143	5.44936	0.402326	5.19678	0.0376932	0.63196	0.838855	0.00608953	0.00577913	0.130027	0.025602	0.95438
2.37029	0.61837	5.46419	0.0774419	0.0749143	1.96701	0.557117	2.41954	0.606284	5.25992	0.120627	0.171116	5.2217	0.632952	5.19573	0.0502389	0.63196	2.05663	0.00583866	0.00397005	0.0631354	0.0174433	0.810211
2.57838	0.674731	5.25992	0.129183	0.171116	2.65526	0.66598	2.67932	0.609155	5.2886	0.115596	0.11676	5.2533	0.609982	5.1945	0.0645654	0.202654	2.05663	0.00528293	0.00594864	0.0664684	0.023942	0.755514
2.85541	0.703254	5.2886	0.121434	0.11676	2.92034	0.645898	2.93904	0.612786	5.32459	0.056775	-0.103237	5.31601	0.302141	5.19309	0.080668	0.202654	0.259828	0.0051305	0.00481937	0.0439804	0.019874	0.551112
3.13316	0.677682	5.32459	0.0516131	-0.103237	3.01222	0.637046	3.19869	0.617267	5.29148	0.0480107	-0.11077	5.28538	0.25395	5.19147	0.0985415	0.577067	0.259828	0.00471099	0.00690642	0.0485354	0.0238304	0.476721
3.36977	0.682034	5.29148	0.0424722	-0.11077	3.56096	0.485311	3.45825	0.622685	5.3731	-0.130995	-0.650164	5.32707	-0.701841	5.18963	0.11818	0.577067	2.20513	0.00466146	0.00594729	0.0375376	0.0183864	0.315932
3.66983	0.525648	5.3731	-0.163504	-0.650164	3.89365	0.311793	3.71772	0.62913	5.46159	-0.274084	-0.971329	5.25772	-1.47826	5.18754	0.139576	3.06402	2.20513	0.00421214	0.00763106	0.0424746	0.019445	0.263727
3.97646	0.374962	5.46159	-0.32265	-0.971329	4.19786	0.698311	3.97708	0.636689	5.47085	-0.115527	-0.39365	5.43438	-0.630625	5.18519	0.162724	3.06402	3.72922	0.00425322	0.00621401	0.0404969	0.0120857	0.147867
4.26191	0.502042	5.47085	-0.135209	-0.39365	4.30935	0.578564	4.23632	0.645449	5.46737	-0.110895	-0.335216	5.43379	-0.605065	5.18256	0.187614	0.264041	3.72922	0.00399643	0.00733273	0.0441326	0.012284	0.13058
4.53879	0.495872	5.46737	-0.127656	-0.335216	4.61908	0.68951	4.49542	0.655498	5.3696	-0.0644416	-0.197326	5.35845	-0.345786	5.17962	0.214238	0.264041	1.41777	0.00404383	0.00743545	0.036538	0.0108432	0.107221
4.79269	0.546289	5.3696	-0.0743078	-0.197326	4.35143	0.899174	4.75437	0.666921	5.1769	0.0590914	0.0936208	5.16787	0.305733	5.17634	0.242587	10.4481	1.41777	0.00385354	0.00792417	0.0406095	0.0102655	0.0950137
4.96615	0.6964	5.1769	0.0637724	0.0936208	5.20901	0.66599	5.01315	0.679804	5.09693	0.0474779	0.0590656	5.09119	0.241901	5.1727	0.272649	10.4481	1.53046	0.00389964	0.00805962	0.0314811	0.0095323	0.0850827
5.21465	0.692057	5.09693	0.0504312	0.0590656	5.51894	0.648233	5.27175	0.694234	5.18012	0.0262308	0.00938025	5.17834	0.135863	5.16867	0.304413	3.45374	1.53046	0.00375741	0.00801078	0.0368629	0.00882466	0.0777069
5.52423	0.67624	5.18012	0.0266998	0.00938025	5.22834	0.639362	5.53013	0.710295	5.25528	0.0290811	0.0180604	5.25306	0.152808	5.16422	0.337868	3.45374	1.67239	0.00382059	0.00851769	0.0300671	0.00858847	0.0738143
5.7886	0.684318	5.25528	0.0299841	0.0180604	6.022	0.708619	5.78828	0.728072	5.3119	0.0299049	0.0171082	5.30952	0.158828	5.15932	0.372999	2.05411	1.67239	0.00368067	0.00819895	0.0357957	0.00782001	0.0691213
6.09054	0.695959	5.3119	0.0307603	0.0171082	5.89392	0.373584	6.04618	0.747647	5.19641	-0.038034	-0.114421	5.19265	-0.197592	5.15393	0.409793	2.05411	3.6649	0.00375445	0.00902202	0.029451	0.00790046	0.0683213
6.3287	0.599682	5.19641	-0.043755	-0.114421	6.34249	0.948833	6.30379	0.769103	5.1792	0.0533921	0.0606375	5.17182	0.276397	5.14803	0.448233	3.42786	3.6649	0.00360937	0.0083299	0.0353371	0.00717997	0.0653625
6.58146	0.743191	5.1792	0.056424	0.0606375	6.62134	0.836138	6.5611	0.792523	5.13144	0.0709963	0.0854563	5.11852	0.364008	5.14157	0.488305	3.42786	0.342999	0.003689	0.00928313	0.0290474	0.00753436	0.0664442
6.8284	0.78244	5.13144	0.0752692	0.0854563	6.78214	0.714036	6.81808	0.817988	5.12258	0.0579191	0.0548758	5.11399	0.296529	5.13452	0.52999	0.216576	0.342999	0.00358388	0.00838132	0.035047	0.00688578	0.0643315
7.07723	0.773474	5.12258	0.0606629	0.0548758	7.29121	0.630741	7.07469	0.845578	4.9957	0.0342487	0.00433181	4.99277	0.171063	5.12685	0.573269	0.216576	2.50414	0.00366861	0.00950702	0.0288712	0.00744424	0.0663619
7.31345	0.74752	4.9957	0.0344653	0.00433181	7.13735	0.957217	7.3309	0.875373	4.94787	0.0941911	0.109337	4.92593	0.465356	5.11851	0.618123	2.31567	2.50414	0.00355818	0.00841036	0.0349164	0.00685785	0.064643
7.52652	0.853735	4.94787	0.0996579	0.109337	8.08349	0.819605	7.58668	0.907449	5.14724	0.0875432	0.0884133	5.12753	0.450031	5.10946	0.664531	2.31567	5.14049	0.0036458	0.00964475	0.0287115	0.00759127	0.0672807
7.83365	0.863408	5.14724	0.0919639	0.0884133	7.80533	0.719126	7.84199	0.941886	5.14093	0.0540294	0.0219972	5.13343	0.277626	5.09966	0.712469	0.61254	5.14049	0.00355087	0.00853155	0.034803	0.00697683	0.0653559
8.0881	0.823781	5.14093	0.0551293	0.0219972	8.40453	0.884557	8.0968	0.978759	5.04208	0.0550201	0.0181044	5.03445	0.277276	5.08907	0.761915	0.61254	2.25981	0.00364348	0.0100812	0.0287405	0.00782135	0.0681798
8.3317	0.840249	5.04208	0.0559254	0.0181044	8.24796	0.840322	8.35106	1.01814	5.02178	0.0580197	0.0219471	5.01333	0.291199	5.07766	0.812843	0.262621	2.25981	0.00354176	0.00871344	0.0348189	0.00712823	0.0659287
8.5682	0.857278	5.02178	0.059117	0.0219471	8.45858	1.41118	8.60472	1.06011	5.19477	0.125816	0.143158	5.15371	0.651861	5.06537	0.865226	0.262621	6.58211	0.00363552	0.0103807	0.0287439	0.00808341	0.0690545
8.84504	0.983733	5.19477	0.132974	0.143158	8.74615	1.04858	8.85775	1.10473	5.17044	0.153938	0.180155	5.1093	0.792786	5.05216	0.919037	0.463586	6.58211	0.0035536	0.00892001	0.0348185	0.00726889	0.0663122
9.08192	1.05295	5.17044	0.162946	0.180155	9.8809	1.1419	9.1101	1.15208	5.24335	0.16144	0.175818	5.17517	0.842815	5.03798	0.974245	0.463586	6.86226	0.00365229	0.0108518	0.0286857	0.0082559	0.0693887
9.3761	1.0989	5.24335	0.170231	0.175818	9.25579	1.04913	9.36172	1.20223	5.21297	0.160312	0.159161	5.14613	0.832125	5.0228	1.03082	0.622896	6.86226	0.00356829	0.00915628	0.0347924	0.00730336	0.0662019
9.61461	1.1251	5.21297	0.16827	0.159161	10.1016	1.52474	9.61255	1.25524	5.28366	0.196662	0.20733	5.18181	1.03241	5.00656	1.08873	0.622896	4.17349	0.00367305	0.0112861	0.0287667	0.00836876	0.069581
9.89491	1.22301	5.28366	0.207028	0.20733	10.0484	1.44598	9.86254	1.31118	5.33255	0.264589	0.306159	5.14698	1.39453	4.98922	1.14794	2.27687	4.17349	0.00358843	0.00935505	0.0348478	0.00730322	0.0660841
10.1673	1.3819	5.33255	0.279897	0.306159	10.5377	1.72555	10.1117	1.37011	5.22494	0.320956	0.389216	4.95812	1.64833	4.97074	1.20841	2.27687	4.20135	0.00369894	0.0115932	0.0294621	0.00824498	0.0685925
10.3994	1.5149	5.22494	0.340417	0.389216	10.2492	1.45907	10.3598	1.4321	5.18466	0.332052	0.376008	4.90145	1.69012	4.95106	1.2701	0.952161	4.20135	0.00363382	0.00940983	0.0353393	0.00716075	0.0652911
10.6207	1.58448	5.18466	0.350853	0.376008	10.9084	1.70343	10.6069	1.49721	5.05796	0.37884	0.44103	4.69932	1.87065	4.93014	1.33298	0.952161	2.97125	0.00375179	0.0115802	0.0306398	0.00806481	0.067523
10.8352	1.70435	5.05796	0.400891	0.44103	10.7313	1.45265	10.853	1.56549	4.99353	0.337573	0.334255	4.7117	1.65385	4.90794	1.39701	2.16301	2.97125	0.00367637	0.00930525	0.0361335	0.00705707	0.06476
11.064	1.68971	4.99353	0.354286	0.334255	11.4783	1.42876	11.0979	1.637	5.08006	0.321331	0.269252	4.82005	1.60444	4.8844	1.46213	2.16301	2.63398	0.00380412	0.0115236	0.0313044	0.00811817	0.0678038
11.3389	1.73654	5.08006	0.334794	0.269252	11.587	1.61462	11.3416	1.71179	5.10866	0.286908	0.187013	4.89984	1.44569	4.85948	1.52832	2.54538	2.63398	0.00368375	0.00931687	0.0365341	0.00711704	0.0650876
11.6289	1.74765	5.10866	0.296259	0.187013	11.4763	1.53917	11.584	1.78992	5.04188	0.288274	0.176899	4.83384	1.4334	4.83313	1.59551	2.54538	0.774858	0.00382564	0.011794	0.0309125	0.00837169	0.0690725
11.856	1.80226	5.04188	0.297119	0.176899	11.7788	1.74591	11.8251	1.87144	5.01516	0.285802	0.157703	4.81173	1.41391	4.80531	1.66366	0.322166	0.774858	0.00368317	0.00943616	0.0362103	0.00729271	0.0659538
12.0853	1.85415	5.01516	0.293687	0.157703	12.136	2.14937	12.0647	1.95639	5.13148	0.303555	0.166972	4.89687	1.53387	4.77598	1.73273	0.322166	1.44216	0.00382733	0.0119599	0.0306169	0.0086098	0.0699887
12.3462	1.95724	5.13148	0.311904	0.166972	12.3226	1.78353	12.3029	2.04482	5.09548	0.263934	0.0855101	4.91903	1.32931	4.74508	1.80265	0.811523	1.44216	0.00369496	0.00953977	0.0359846	0.0074446	0.0665075
12.5957	1.95202	5.09548	0.268209	0.0855101	12.5457	1.77728	12.5394	2.13677	5.17232	0.254418	0.0564241	5.00583	1.30178	4.71257	1.87338	0.811523	0.824798	0.00384803	0.0122266	0.030176	0.00883884	0.07079
12.8589	2.00446	5.17232	0.257239	0.0564241	12.5924	2.17509	12.7743	2.23227	5.14269	0.322022	0.165663	4.87834	1.62758	4.67842	1.94485	3.17205	0.824798	0.00368792	0.00967981	0.0356843	0.00757162	0.0669415
13.049	2.17371	5.14269	0.330305	0.165663	13.2198	2.6644	13.0075	2.33137	5.28713	0.340035	0.170146	4.9844	1.76336	4.64258	2.01701	3.17205	2.96144	0.00384128	0.0124462	0.0306135	0.00887005	0.0704319
13.3228	2.29427	5.28713	0.348542	0.170146	13.0875	2.40708	13.2388	2.43409	5.25791	0.395915	0.250009	4.85118	2.02773	4.605	2.08981	2.24534	2.96144	0.00372181	0.00978005	0.0359614	0.00752672	0.0664816
13.5185	2.45889	5.25791	0.408415	0.250009	12.7087	3.12439	13.4682	2.54047	5.08373	0.483206	0.400402	4.50169	2.36201	4.56565	2.16317	2.24534	10.216	0.00388159	0.0125506	0.0318891	0.0086099	0.0687339
13.6688	2.65481	5.08373	0.503226	0.400402	13.836	2.62479	13.6955	2.65053	5.10974	0.482639	0.365238	4.52607	2.37152	4.52448	2.23703	1.02844	10.216	0.00379438	0.00966047	0.036799	0.00734129	0.0654022
13.923	2.75193	5.10974	0.500901	0.365238	13.8302	2.73893	13.9208	2.7643	5.09286	0.504553	0.373748	4.45824	2.46197	4.48147	2.31134	1.02844	0.1043	0.00395672	0.0121779	0.0339946	0.00819596	0.0664415
14.1369	2.8784	5.09286	0.523241	0.373748	14.2106	2.94205	14.1439	2.88179	5.12328	0.534729	0.39216	4.40811	2.61087	4.43656	2.38601	0.331318	0.1043	0.00384054	0.00947517	0.0382049	0.00707666	0.0640378
14.3634	3.03281	5.12328	0.554337	0.39216	14.5568	2.87021	14.3646	3.00303	5.23302	0.515517	0.302538	4.55293	2.5798	4.38974	2.46099	0.331318	1.66623	0.00401488	0.0119638	0.0361246	0.0078682	0.0648227
14.6256	3.13588	5.23302	0.530643	0.302538	14.4616	2.90734	14.583	3.12802	5.13472	0.483854	0.226909	4.5453	2.38864	4.34097	2.5362	2.56452	1.66623	0.00387562	0.00940394	0.0395802	0.00683187	0.0629657
14.8382	3.17205	5.13472	0.4952	0.226909	14.6754	3.96041	14.7989	3.25679	5.23813	0.514606	0.247126	4.55972	2.57817	4.29021	2.61157	2.56452	3.43362	0.00408656	0.0121489	0.0358843	0.00799674	0.066054
15.0686	3.34685	5.23813	0.526963	0.247126	15.0261	3.5067	15.0122	3.38932	5.28141	0.572829	0.322873	4.43835	2.86259	4.23744	2.68703	0.680669	3.43362	0.00391942	0.00947497	0.039294	0.00690966	0.0637752
15.2695	3.56183	5.28141	0.588972	0.322873	15.3685	4.14761	15.2228	3.52563	5.25273	0.625073	0.399327	4.25954	3.07367	4.18263	2.76249	0.680669	2.3332	0.0041291	0.0121174	0.0376252	0.0077022	0.064302
15.4649	3.7579	5.25273	0.64504	0.399327	15.5236	3.82936	15.4306	3.66572	5.28585	0.657975	0.420148	4.18233	3.23238	4.12575	2.83789	0.286778	2.3332	0.00399731	0.00936617	0.0404159	0.00668403	0.0625375
15.6763	3.94658	5.28585	0.678982	0.420148	15.7234	3.4105	15.6355	3.80957	5.25984	0.662032	0.392512	4.14867	3.23333	4.06678	2.91315	0.286778	1.2116	0.00420506	0.011788	0.0402988	0.0071716	0.0613672
15.8858	4.08192	5.25984	0.681657	0.392512	15.9774	4.00094	15.8375	3.95719	5.2403	0.653482	0.346784	4.16065	3.18587	4.00571	2.98817	0.426746	1.2116	0.00404647	0.00917363	0.0422246	0.00630995	0.0606025
16.1144	4.2025	5.2403	0.670821	0.346784	16.3376	4.21632	16.0363	4.10854	5.16299	0.693515	0.410274	3.97036	3.30041	3.94251	3.0629	0.426746	1.57055	0.00429074	0.011717	0.0412784	0.00705385	0.0612143
16.2954	4.3789	5.16299	0.714028	0.410274	16.3313	4.44499	16.2319	4.26363	5.19347	0.726186	0.429706	3.88322	3.44858	3.87716	3.13723	0.179836	1.57055	0.00410329	0.00908434	0.042802	0.00624494	0.0605746
16.4879	4.57678	5.19347	0.747671	0.429706	16.7586	4.48231	16.4242	4.42242	5.2249	0.731289	0.393245	3.88897	3.48934	3.80966	3.21109	0.179836	0.758266	0.00434162	0.0114437	0.0432484	0.00674449	0.0595284
16.6999	4.74279	5.2249	0.750951	0.393245	16.6039	4.67344	16.613	4.5849	5.18616	0.744783	0.383805	3.81305	3.51525	3.74	3.28438	0.512629	0.758266	0.00415052	0.00893813	0.0441354	0.00603253	0.0594483
16.8761	4.90052	5.18616	0.763974	0.383805	16.9236	5.10119	16.7983	4.75103	5.05552	0.818864	0.527195	3.45318	3.69241	3.66817	3.35704	0.512629	3.39413	0.00441592	0.011327	0.0444125	0.00660462	0.0589458
17.0016	5.1148	5.05552	0.845224	0.527195	16.9955	5.21099	16.9799	4.92077	5.09745	0.867105	0.562044	3.29824	3.8866	3.59416	3.42897	0.24771	3.39413	0.00422712	0.00877115	0.0448954	0.00596265	0.0591469
17.1534	5.34901	5.09745	0.895207	0.562044	17.3421	4.64623	17.1579	5.09409	5.06844	0.877188	0.532382	3.24033	3.89735	3.51797	3.50008	0.24771	1.74957	0.00445299	0.010783	0.0475544	0.006041	0.0555481
17.3224	5.51686	5.06844	0.903807	0.532382	17.2894	5.43542	17.3319	5.27094	5.02829	0.890754	0.512512	3.16192	3.90973	3.4396	3.57028	0.243603	1.74957	0.00426591	0.00847283	0.0472319	0.00557502	0.0568747
17.478	5.68612	5.02829	0.91638	0.512512	17.6463	4.74597	17.5019	5.45128	4.96957	0.903902	0.500495	3.07392	3.90483	3.35907	3.63949	0.243603	3.03689	0.00452728	0.0105269	0.0494882	0.00582043	0.0546317
17.6314	5.85024	4.96957	0.928927	0.500495	17.7853	5.62476	17.6679	5.63506	4.8652	0.868192	0.406449	3.14393	3.71294	3.27637	3.70762	2.0073	3.03689	0.00430609	0.00831851	0.0485633	0.00543656	0.0563108
17.835	5.94041	4.8652	0.888514	0.406449	17.9216	6.07151	17.8297	5.82221	4.82821	0.905956	0.454415	2.97868	3.79987	3.19151	3.77458	2.0073	0.581545	0.00461747	0.0104617	0.0494215	0.00599024	0.0560097
17.9696	6.13946	4.82821	0.928677	0.454415	18.1263	6.16985	17.9872	6.01269	4.8479	0.916838	0.435344	2.94914	3.84769	3.10453	3.84027	0.944065	0.581545	0.00435535	0.00826794	0.0483948	0.0056064	0.0573902
18.1418	6.33026	4.8479	0.938605	0.435344	18.1245	6.79027	18.1402	6.20641	4.89092	0.936855	0.422889	2.89702	3.94061	3.01542	3.90462	0.944065	0.831437	0.0046655	0.0103429	0.0503154	0.00598078	0.0556229
18.2909	6.54153	4.89092	0.957999	0.422889	18.2164	6.66138	18.2888	6.40332	4.94978	0.989904	0.472965	2.71629	4.13788	2.92421	3.96753	0.531442	0.831437	0.00441351	0.0081998	0.0489669	0.00559974	0.0570593
18.398	6.8	4.94978	1.01355	0.472965	18.4022	7.02231	18.4328	6.60333	4.95885	1.01809	0.482062	2.60338	4.2205	2.83093	4.0289	0.531442	0.193611	0.00471004	0.0101478	0.0522811	0.00565075	0.0533319
18.524	7.01983	4.95885	1.04219	0.482062	18.5422	6.76013	18.572	6.80638	4.82437	0.992622	0.406593	2.6365	4.04022	2.7356	4.08867	1.89881	0.193611	0.00448526	0.00804374	0.050381	0.00532763	0.0553487
18.6807	7.12825	4.82437	1.01295	0.406593	18.8089	7.24388	18.7064	7.01237	4.88217	0.988415	0.340828	2.68526	4.07737	2.63825	4.14672	1.89881	0.78267	0.00483047	0.0100282	0.0528637	0.00560485	0.0533598
18.8378	7.3311	4.88217	1.00546	0.340828	19.1441	7.18344	18.8359	7.22122	4.80114	0.941971	0.24316	2.82401	3.88277	2.53893	4.20299	3.57795	0.78267	0.00452633	0.0079955	0.0507259	0.00530217	0.0554191
19.0525	7.44458	4.80114	0.954129	0.24316	18.5479	7.4012	18.9604	7.43283	4.68622	0.996953	0.352628	2.54398	3.93559	2.43767	4.25737	3.57795	3.9466	0.00494467	0.010095	0.0514141	0.00589007	0.0553345
19.1246	7.6436	4.68622	1.01458	0.352628	19.0138	7.8688	19.0798	7.64712	4.80387	1.06996	0.439345	2.30663	4.21386	2.3345	4.3098	1.67396	3.9466	0.00458723	0.00798465	0.0495812	0.00555605	0.0569491
19.1925	7.94573	4.80387	1.09192	0.439345	19.3089	7.67375	19.1939	7.86397	4.81095	1.0752	0.400014	2.28787	4.23212	2.22949	4.36017	1.67396	0.314899	0.00492397	0.00981739	0.0534381	0.00552808	0.0526523
19.3172	8.14686	4.81095	1.0952	0.400014	19.132	8.12845	19.3028	8.08329	4.80729	1.11523	0.430552	2.11506	4.317	2.12266	4.40842	1.25007	0.314899	0.00462687	0.00780546	0.0511796	0.00526919	0.0549752
19.3837	8.37482	4.80729	1.13676	0.430552	19.0239	8.17194	19.4062	8.30497	4.81797	1.1206	0.381308	2.09648	4.33792	2.01409	4.45445	1.25007	2.19614	0.00497968	0.0095837	0.0552303	0.00521416	0.0509427
19.486	8.58105	4.81797	1.13967	0.381308	19.347	8.30741	19.5042	8.5289	4.67769	1.11284	0.342165	2.06807	4.19569	1.90381	4.49819	3.20153	2.19614	0.00467302	0.00765503	0.0525307	0.00502413	0.0537493
19.5844	8.71159	4.67769	1.12995	0.342165	19.6843	8.35902	19.5966	8.75494	4.63896	1.13821	0.370275	1.94475	4.21164	1.7919	4.53956	3.20153	0.484096	0.00508432	0.0094667	0.0556355	0.00521738	0.0514526
19.671	8.91508	4.63896	1.15672	0.370275	20.0039	8.8906	19.6835	8.983	4.60501	1.11034	0.300598	2.04625	4.1254	1.67841	4.57848	3.8381	0.484096	0.00472018	0.00756475	0.0527868	0.00506149	0.0542525
19.8433	9.08113	4.60501	1.12537	0.300598	19.6061	9.48659	19.7645	9.21294	4.56951	1.15633	0.378035	1.84013	4.18262	1.56341	4.61488	3.8381	1.08198	0.00517129	0.00938426	0.0554305	0.00535655	0.0524254
19.9056	9.30267	4.56951	1.17524	0.378035	20.1574	9.45949	19.8398	9.44463	4.63594	1.16672	0.365014	1.82272	4.26258	1.44697	4.64869	3.29529	1.08198	0.00478545	0.00749805	0.0525803	0.00520174	0.055043
20.0321	9.54347	4.63594	1.18497	0.365014	19.6163	9.76606	19.9093	9.67795	4.57592	1.2335	0.485859	1.51435	4.31808	1.32916	4.67984	3.29529	2.25412	0.00521939	0.00923673	0.05643	0.00525141	0.0514917
20.0576	9.77036	4.57592	1.25779	0.485859	20.1573	9.90876	19.9728	9.91275	4.64209	1.26527	0.496687	1.39633	4.42711	1.21005	4.70826	1.04166	2.25412	0.00486119	0.00736134	0.0533393	0.00512104	0.0543351
20.1318	10.0273	4.64209	1.2901	0.496687	19.1911	11.5493	20.0303	10.1489	4.72649	1.28539	0.457053	1.33071	4.53529	1.08972	4.73389	1.04166	7.50848	0.00523853	0.00891961	0.0586297	0.00481396	0.0488113
20.1914	10.2844	4.72649	1.30825	0.457053	20.166	10.4687	20.0818	10.3863	4.83119	1.33683	0.497645	1.12004	4.69957	0.968259	4.75666	1.00925	7.50848	0.00490802	0.00717718	0.0551162	0.00475705	0.0522976
20.2202	10.5808	4.83119	1.36172	0.497645	19.6775	10.803	20.1271	10.6247	4.80947	1.40012	0.587045	0.81688	4.73959	0.845742	4.77652	1.00925	2.26823	0.00527729	0.00864817	0.0609539	0.00427274	0.0460438
20.2151	10.8266	4.80947	1.42947	0.587045	20.371	11.0109	20.1663	10.864	4.89096	1.43132	0.587684	0.679971	4.84346	0.722256	4.7934	2.13332	2.26823	0.00496941	0.00695735	0.0569687	0.00430337	0.0501742
20.2616	11.1105	4.89096	1.4607	0.587684	19.4335	12.3402	20.1993	11.1041	4.9518	1.45108	0.540863	0.591414	4.91635	0.597892	4.80727	2.13332	4.97139	0.00532151	0.00830954	0.063366	0.00371352	0.0435081
20.2866	11.3775	4.9518	1.47812	0.540863	20.3164	11.3483	20.2261	11.3449	4.93036	1.47154	0.532275	0.488585	4.90609	0.472738	4.81807	0.0498647	4.97139	0.00499928	0.00676522	0.0589375	0.00383517	0.0481919
20.3168	11.611	4.93036	1.49815	0.532275	19.2063	12.2418	20.2466	11.5861	4.90352	1.57681	0.725226	-0.029505	4.90343	0.346889	4.82575	0.0498647	8.6765	0.00541572	0.00811782	0.0651326	0.00339337	0.0424941
20.2256	11.8694	4.90352	1.61307	0.725226	20.6141	11.9422	20.2608	11.8275	4.86885	1.5729	0.669731	-0.0102488	4.86884	0.220439	4.83027	5.59796	8.6765	0.00507554	0.00658004	0.0602881	0.00358336	0.0474167
20.3015	12.0969	4.86885	1.60639	0.669731	19.966	11.9688	20.2687	12.0692	4.89011	1.54433	0.484373	0.129407	4.8884	0.093487	4.83159	5.59796	4.58983	0.0054712	0.00782433	0.0670092	0.00304924	0.0409889
20.3436	12.3314	4.89011	1.56855	0.484373	20.3263	12.4966	20.2701	12.3108	4.9889	1.58268	0.500828	-0.059306	4.98855	-0.0338694	4.82968	0.850917	4.58983	0.00505218	0.00647862	0.0618236	0.00330286	0.0461855
20.3182	12.6295	4.9889	1.60773	0.500828	20.0192	12.4823	20.2652	12.5522	4.94798	1.65843	0.640658	-0.433064	4.92899	-0.161529	4.82451	0.850917	2.5321	0.00553586	0.00774344	0.0681282	0.00288935	0.0404595
20.2438	12.8675	4.94798	1.69046	0.640658	20.498	12.8924	20.254	12.7933	4.90218	1.66368	0.604677	-0.454686	4.88105	-0.28939	4.81605	2.28833	2.5321	0.0051326	0.00636589	0.062562	0.00317323	0.0457019
20.2729	13.0944	4.90218	1.69392	0.604677	20.9151	12.2555	20.2363	13.0339	4.87183	1.68339	0.586892	-0.547359	4.84099	-0.417348	4.80428	2.28833	2.17916	0.00560776	0.00755905	0.0692851	0.00270675	0.0395651
20.259	13.3221	4.87183	1.71273	0.586892	20.1943	13.1688	20.2122	13.2738	4.80014	1.71118	0.586439	-0.671651	4.75292	-0.545298	4.78918	0.976276	2.17916	0.00515148	0.00627043	0.0634796	0.00302511	0.0449367
20.2208	13.5219	4.80014	1.7405	0.586439	19.858	13.5236	20.1818	13.5129	4.80844	1.72756	0.53813	-0.750685	4.74948	-0.673135	4.77072	0.976276	1.35632	0.00565964	0.00742968	0.0701743	0.00260408	0.0391821
20.1805	13.757	4.80844	1.75446	0.53813	20.3245	13.8896	20.1449	13.7509	4.84558	1.74554	0.525055	-0.842454	4.77178	-0.800753	4.74892	1.4291	1.35632	0.00517787	0.00618986	0.0641598	0.00295239	0.0446169
20.1563	14.0181	4.84558	1.7718	0.525055	20.3387	13.5307	20.1017	13.9878	4.81869	1.78575	0.567782	-1.02786	4.70779	-0.928043	4.72374	1.4291	0.773066	0.00572287	0.00731969	0.0708197	0.00251441	0.0386958
20.0913	14.2406	4.81869	1.81414	0.567782	20.1216	14.337	20.0521	14.2233	4.86487	1.81498	0.568103	-1.17615	4.72055	-1.0549	4.69521	0.355845	0.773066	0.00523178	0.00610279	0.0646161	0.00287767	0.044173
20.0274	14.4987	4.86487	1.84338	0.568103	19.6717	14.4038	19.9962	14.4573	4.86319	1.8434	0.557693	-1.30934	4.68361	-1.18121	4.66331	0.355845	1.33326	0.00577251	0.00718156	0.0715116	0.00237002	0.03783
19.9491	14.7265	4.86319	1.87128	0.557693	19.781	14.773	19.934	14.6897	4.94109	1.88981	0.581382	-1.54968	4.69178	-1.30687	4.62805	0.970369	1.33326	0.00527069	0.00600863	0.0651941	0.0027474	0.0434151
19.8246	14.9868	4.94109	1.91888	0.581382	20.1149	14.0165	19.8655	14.9202	4.90714	1.89485	0.507375	-1.56249	4.65173	-1.43177	4.58944	0.970369	3.36683	0.00581176	0.00703453	0.0722005	0.00218413	0.0367776
19.7604	15.2016	4.90714	1.92022	0.507375	20.0208	15.2053	19.7908	15.1486	4.82498	1.89543	0.476299	-1.53897	4.57296	-1.55581	4.54751	2.31476	3.36683	0.00528743	0.00592192	0.0658059	0.00257492	0.0424945
19.7415	15.4071	4.82498	1.91924	0.476299	20.0157	15.3443	19.7099	15.3749	4.77914	2.00597	0.747325	-2.01474	4.3337	-1.67887	4.50226	2.31476	7.218	0.00591802	0.00692288	0.0725723	0.00215642	0.0370373
19.582	15.5993	4.77914	2.04334	0.747325	19.9131	15.554	19.6229	15.5989	4.63875	2.0113	0.706805	-1.97792	4.19593	-1.80085	4.45372	3.66055	7.218	0.00537317	0.0057996	0.0660713	0.00256975	0.0427548
19.5624	15.7664	4.63875	2.04664	0.706805	19.9388	15.0864	19.5298	15.8203	4.61183	2.02642	0.646941	-2.02933	4.14135	-1.92164	4.40193	3.66055	1.49847	0.00595214	0.00674984	0.0731344	0.00208036	0.0367832
19.4753	15.9631	4.61183	2.05877	0.646941	19.4748	16.0098	19.4307	16.039	4.63721	2.05912	0.646678	-2.17553	4.09521	-2.04114	4.3469	0.0719929	1.49847	0.0053571	0.0057309	0.0666326	0.00252557	0.0425937
19.3592	16.1777	4.63721	2.09145	0.646678	19.1556	16.0022	19.3257	16.2549	4.63434	2.05749	0.535933	-2.16751	4.09621	-2.15925	4.28868	0.0719929	1.99169	0.00597416	0.00664987	0.0736981	0.00201743	0.0364841
19.2647	16.3841	4.63434	2.08429	0.535933	19.238	16.2719	19.2148	16.4679	4.58411	2.08672	0.540654	-2.26154	3.98742	-2.27586	4.22731	0.465314	1.99169	0.00536315	0.00568824	0.0670772	0.00247949	0.0423391
19.1521	16.5555	4.58411	2.11376	0.540654	19.4007	16.2962	19.0981	16.6777	4.57244	2.11711	0.553234	-2.37559	3.90689	-2.39087	4.16284	0.465314	0.241711	0.00603208	0.00657611	0.0740995	0.00199925	0.03652
19.0322	16.7437	4.57244	2.14478	0.553234	19.0029	16.8387	18.9757	16.8841	4.63404	2.14646	0.554034	-2.52275	3.88717	-2.50418	4.0953	0.309141	0.241711	0.00540461	0.00563215	0.0673409	0.00247502	0.0423833
18.8884	16.9622	4.63404	2.17417	0.554034	18.8373	17.7112	18.8477	17.0872	4.6567	2.22925	0.732312	-2.84939	3.68317	-2.61571	4.02476	0.309141	6.05829	0.00608428	0.00648877	0.074408	0.00194144	0.0361669
18.7131	17.1416	4.6567	2.26586	0.732312	18.6148	17.3832	18.7142	17.2866	4.82119	2.26984	0.733386	-3.10235	3.69043	-2.72534	3.95127	2.10444	6.05829	0.00546614	0.00554229	0.0676002	0.00242214	0.0420626
18.5108	17.3906	4.82119	2.3065	0.733386	18.8177	17.0316	18.5752	17.4822	4.76819	2.21474	0.458555	-2.86259	3.81329	-2.83299	3.87489	2.10444	6.24333	0.0061007	0.00636273	0.074431	0.00179052	0.0351826
18.4303	17.6029	4.76819	2.23767	0.458555	18.1023	17.5529	18.4309	17.674	4.87949	2.26114	0.484634	-3.10728	3.76221	-2.93858	3.79568	3.83149	6.24333	0.00543324	0.00552824	0.0676928	0.00226573	0.0411451
18.1977	17.8034	4.87949	2.28537	0.484634	18.2749	17.4877	18.2814	17.8617	4.8714	2.25282	0.380528	-3.07076	3.78166	-3.042	3.71372	3.83149	1.41903	0.00618862	0.00629208	0.0747584	0.00171742	0.0349269
18.0605	17.9988	4.8714	2.27185	0.380528	18.2094	18.0461	18.1268	18.0453	4.83077	2.26099	0.367832	-3.07569	3.72511	-3.14318	3.62906	0.871223	1.41903	0.0054938	0.00548111	0.0678637	0.00218947	0.040901
17.9376	18.1827	4.83077	2.27938	0.367832	18.3021	17.498	17.9671	18.2246	4.79402	2.32517	0.504694	-3.28311	3.4934	-3.24204	3.5418	0.871223	2.8623	0.00631601	0.00620014	0.0748525	0.00171016	0.0351368
17.7499	18.3184	4.79402	2.35041	0.504694	17.9018	18.2183	17.8026	18.3994	4.67696	2.34378	0.497678	-3.2658	3.34791	-3.3385	3.45199	0.997957	2.8623	0.00559671	0.00538104	0.0678807	0.00218977	0.0411023
17.6307	18.4471	4.67696	2.36866	0.497678	18.8558	18.1364	17.6334	18.5697	4.6475	2.34953	0.461803	-3.2643	3.3081	-3.43247	3.35973	0.997957	6.3412	0.00640369	0.00610395	0.0749238	0.00173582	0.035476
17.501	18.6222	4.6475	2.37262	0.461803	17.3845	18.7039	17.4595	18.7353	4.74021	2.3767	0.465605	-3.41986	3.2824	-3.5239	3.26509	0.609478	6.3412	0.00563762	0.0053286	0.0679195	0.00223348	0.0414409
17.2925	18.813	4.74021	2.39998	0.465605	17.7945	18.0801	17.281	18.8962	4.71397	2.4239	0.535365	-3.55116	3.10013	-3.61271	3.16817	0.609478	1.96341	0.0064831	0.00601286	0.0749863	0.00173054	0.0352924
17.1059	18.9403	4.71397	2.45067	0.535365	17.1762	18.8863	17.0983	19.0521	4.65555	2.44891	0.534109	-3.5826	2.97307	-3.69883	3.06904	0.235537	1.96341	0.00570414	0.00525426	0.0679588	0.00222966	0.0412599
16.9473	19.068	4.65555	2.47561	0.534109	16.9398	19.7311	16.9113	19.203	4.66876	2.45842	0.49647	-3.62098	2.94718	-3.78221	2.9678	0.235537	2.93548	0.00655436	0.0059242	0.0749088	0.00174864	0.0354433
16.7786	19.2373	4.66876	2.48325	0.49647	16.5734	19.052	16.7201	19.3488	4.68556	2.50189	0.520498	-3.7591	2.79707	-3.86278	2.86455	2.84003	2.93548	0.00573828	0.00521483	0.0678963	0.00225568	0.0414013
16.5517	19.3481	4.68556	2.52792	0.520498	16.1674	20.2201	16.5251	19.4894	4.717	2.53035	0.540946	-3.8629	2.70703	-3.9405	2.75938	2.84003	3.2564	0.00661785	0.00585321	0.07484	0.00175322	0.0354199
16.3543	19.498	4.717	2.55739	0.540946	16.2338	19.6171	16.3262	19.6246	4.82913	2.55641	0.536504	-4.02562	2.66737	-4.01531	2.65237	0.862206	3.2564	0.00578286	0.00517055	0.0678357	0.00226001	0.0413645
16.111	19.6655	4.82913	2.58324	0.536504	16.4366	18.2742	16.1237	19.7545	4.79622	2.61802	0.616212	-4.1537	2.39802	-4.08716	2.54364	0.862206	10.0117	0.00669878	0.00576915	0.074764	0.00171856	0.0350706
15.8834	19.7314	4.79622	2.64883	0.616212	15.9243	19.8703	15.9176	19.8789	4.8332	2.63948	0.603079	-4.23661	2.32613	-4.15602	2.43329	0.757766	10.0117	0.0058425	0.00510554	0.067768	0.00221402	0.0410113
15.6697	19.8727	4.8332	2.66963	0.603079	16.2328	19.2166	15.7082	19.9978	4.77979	2.62666	0.465512	-4.15997	2.35393	-4.22185	2.32141	0.757766	3.28336	0.00677844	0.00569189	0.0744363	0.00172871	0.0352496
15.4884	20.0005	4.77979	2.64994	0.465512	15.4332	20.1836	15.4956	20.111	4.88322	2.63995	0.449058	-4.28158	2.34817	-4.28461	2.2081	1.18137	3.28336	0.00586815	0.00509093	0.0674589	0.00222207	0.0411557
15.2443	20.1612	4.88322	2.6624	0.449058	14.3677	21.3406	15.2799	20.2185	4.92663	2.64913	0.423878	-4.34122	2.32928	-4.34427	2.09347	1.18137	5.43609	0.00688024	0.00560361	0.0744757	0.00170937	0.0350722
15.0223	20.307	4.92663	2.67033	0.423878	15.2016	20.4385	15.0613	20.3203	4.88301	2.65756	0.408704	-4.32208	2.27231	-4.4008	1.97763	1.81552	5.43609	0.00593636	0.00504491	0.0674451	0.00219495	0.0409927
14.8422	20.4336	4.88301	2.678	0.408704	14.7476	19.9571	14.84	20.4162	4.87975	2.70619	0.481235	-4.42446	2.05818	-4.4542	1.86068	1.81552	2.37114	0.00698676	0.00551879	0.074481	0.00169691	0.0350262
14.605	20.5026	4.87975	2.73025	0.481235	14.6665	20.6088	14.6161	20.5063	4.88637	2.72204	0.470704	-4.46259	1.99046	-4.50443	1.74272	0.55971	2.37114	0.00602255	0.00496049	0.0674372	0.00218165	0.0409648
14.3892	20.618	4.88637	2.74558	0.470704	13.841	21.0031	14.3897	20.5904	4.91791	2.76804	0.541984	-4.57876	1.79466	-4.55149	1.62386	0.55971	1.23272	0.00708835	0.005435	0.0742729	0.00171801	0.0352151
14.1426	20.696	4.91791	2.79514	0.541984	14.0521	20.5924	14.1611	20.6686	4.93084	2.80362	0.552581	-4.65189	1.63496	-4.59537	1.50421	0.703866	1.23272	0.00609665	0.00489818	0.0672453	0.00220403	0.0411297
13.8928	20.759	4.93084	2.83125	0.552581	13.8232	20.859	13.9304	20.7408	4.94304	2.84306	0.591148	-4.7244	1.45384	-4.63606	1.38386	0.703866	0.185552	0.00717718	0.00536898	0.0737421	0.00176711	0.0355097
13.6506	20.8227	4.94304	2.87262	0.591148	13.4686	20.7253	13.6977	20.807	5.01233	2.88105	0.599937	-4.84316	1.29123	-4.67357	1.26294	1.52136	0.185552	0.0061557	0.00485575	0.0667953	0.0022504	0.0413576
13.3656	20.8767	5.01233	2.91104	0.599937	13.8263	20.4261	13.4632	20.8671	5.01576	2.944	0.697314	-4.91817	0.984617	-4.70789	1.14153	1.52136	1.57477	0.00727166	0.00530856	0.0730907	0.00182896	0.0357921
13.1148	20.8918	5.01576	2.97887	0.697314	13.1072	20.8294	13.2271	20.9211	5.00003	2.98368	0.704197	-4.93782	0.786269	-4.73904	1.01975	0.141196	1.57477	0.00622452	0.00481215	0.0662414	0.00230136	0.0415426
12.8704	20.9141	5.00003	3.01889	0.704197	13.2669	21.1579	12.9895	20.969	4.96877	2.99373	0.638303	-4.91455	0.73204	-4.76702	0.897694	0.141196	2.15081	0.00737322	0.00527279	0.0718845	0.0019769	0.0367494
12.6424	20.9734	4.96877	3.02564	0.638303	12.8729	21.0592	12.7506	21.0108	4.86168	3.02209	0.639111	-4.82701	0.579587	-4.79186	0.775469	2.09784	2.15081	0.00627682	0.00481477	0.0651967	0.0024398	0.04232
12.4585	20.9989	4.86168	3.05405	0.639111	11.5171	21.6724	12.5106	21.0465	4.89379	3.04301	0.613488	-4.87003	0.481655	-4.81358	0.653175	2.09784	2.59579	0.00748883	0.00523936	0.071155	0.00213902	0.0376349
12.2024	21.0384	4.89379	3.07369	0.613488	12.2062	21.11	12.2695	21.0761	4.91216	3.06732	0.603962	-4.89862	0.3645	-4.83219	0.530912	0.181839	2.59579	0.00634926	0.00480215	0.0645356	0.0025925	0.0430792
11.953	21.068	4.91216	3.09752	0.603962	12.3859	21.1066	12.0276	21.0996	4.89948	3.09685	0.608011	-4.89458	0.219131	-4.84773	0.408778	0.181839	0.905094	0.0076145	0.00518598	0.0706227	0.00224554	0.03795
11.7179	21.0804	4.89948	3.12725	0.608011	11.6814	20.8651	11.785	21.117	4.86299	3.14606	0.63507	-4.86295	-0.0217448	-4.86022	0.286869	1.72129	0.905094	0.00643625	0.00476696	0.0640392	0.00267969	0.043335
11.4819	21.033	4.86299	3.17782	0.63507	11.5265	20.6748	11.5418	21.1283	4.85229	3.1777	0.624404	-4.84912	-0.17517	-4.86971	0.165281	1.72129	1.0444	0.00774426	0.00516132	0.0694922	0.00242808	0.0390074
11.2393	21.0117	4.85229	3.20892	0.624404	11.363	21.0688	11.2982	21.1335	4.79295	3.20896	0.627211	-4.78208	-0.322643	-4.87623	0.0441057	0.648036	1.0444	0.00653144	0.0047384	0.0630747	0.00284539	0.0442282
11.0321	20.9941	4.79295	3.24032	0.627211	10.5558	20.5567	11.0544	21.1327	4.80567	3.24611	0.62772	-4.77945	-0.501355	-4.87982	-0.076565	0.648036	4.05693	0.00789024	0.00512208	0.0682091	0.00265114	0.040248
10.7808	20.9462	4.80567	3.27749	0.62772	10.8903	20.927	10.8105	21.1259	4.73605	3.28568	0.642399	-4.68697	-0.680049	-4.88053	-0.196643	0.373261	4.05693	0.00663404	0.00470815	0.0620135	0.00304785	0.0452704
10.5813	20.8958	4.73605	3.3178	0.642399	9.30535	21.3896	10.5666	21.1131	4.71958	3.26823	0.50062	-4.68178	-0.596062	-4.8784	-0.31604	0.373261	5.63274	0.00804814	0.00509436	0.0665161	0.00294234	0.0418373
10.3298	20.9051	4.71958	3.29326	0.50062	10.189	21.209	10.3229	21.0943	4.86666	3.25084	0.43354	-4.83765	-0.530626	-4.87349	-0.434674	3.54757	5.63274	0.00672008	0.00471229	0.0606247	0.00331052	0.0465917
10.0214	20.9516	4.86666	3.27252	0.43354	9.97958	21.2932	10.0795	21.0697	4.87269	3.27266	0.443666	-4.83089	-0.636814	-4.86585	-0.552463	3.54757	1.01019	0.00813891	0.00495753	0.0668557	0.00286933	0.0406594
9.78189	20.9261	4.87269	3.29484	0.443666	9.99634	20.9797	9.83658	21.0391	4.75458	3.30419	0.460336	-4.69187	-0.769691	-4.85554	-0.669327	1.61129	1.01019	0.00678669	0.00463759	0.0609548	0.00321608	0.0456425
9.60851	20.879	4.75458	3.32721	0.460336	9.38223	21.111	9.59422	21.0028	4.72518	3.28915	0.355164	-4.67384	-0.694695	-4.84262	-0.785189	1.61129	1.25751	0.00825457	0.00491471	0.0664265	0.0029644	0.041389
9.37162	20.8768	4.72518	3.30691	0.355164	9.53921	20.8762	9.35258	20.9607	4.62435	3.3194	0.375179	-4.55145	-0.817906	-4.82714	-0.899977	0.867108	1.25751	0.00685838	0.00459092	0.0605951	0.00330907	0.0463413
9.19595	20.8206	4.62435	3.33816	0.375179	9.63392	20.9724	9.11177	20.9128	4.62611	3.354	0.427168	-4.52214	-0.97526	-4.80919	-1.01362	0.867108	1.66803	0.00833742	0.00484285	0.0661342	0.00307044	0.0420988
8.98148	20.7651	4.62611	3.37536	0.427168	8.70331	20.8221	8.87192	20.8594	4.80333	3.34748	0.384073	-4.70188	-0.981966	-4.78881	-1.12605	2.38418	1.66803	0.00693915	0.00450664	0.0604177	0.00342052	0.0470185
8.65706	20.7472	4.80333	3.36668	0.384073	9.84634	20.009	8.63315	20.8003	4.77222	3.39843	0.456996	-4.61568	-1.21227	-4.76608	-1.2372	2.38418	4.73029	0.00844892	0.00471651	0.0661542	0.0030664	0.0418448
8.45321	20.6498	4.77222	3.42128	0.456996	8.22277	20.4839	8.39557	20.7358	4.88841	3.4191	0.450836	-4.70139	-1.33921	-4.74108	-1.34701	2.8611	4.73029	0.00703455	0.00442229	0.0604179	0.00340476	0.0467916
8.15975	20.5653	4.88841	3.44164	0.450836	8.29647	20.4978	8.1593	20.6657	4.89951	3.45634	0.491571	-4.65883	-1.51675	-4.71387	-1.45542	2.8611	0.196664	0.00861635	0.00465007	0.0654101	0.00317667	0.042544
7.93159	20.4749	4.89951	3.48091	0.491571	7.88599	20.45	7.92445	20.5903	4.92414	3.4793	0.488535	-4.64601	-1.63148	-4.68453	-1.56237	0.0927572	0.196664	0.00716012	0.00438016	0.0597185	0.00348866	0.0473112
7.68802	20.3895	4.92414	3.50372	0.488535	8.29081	20.6565	7.69111	20.5096	4.92927	3.52455	0.556897	-4.57221	-1.84189	-4.65313	-1.66781	0.0927572	3.44777	0.00880577	0.00460655	0.0642607	0.00334596	0.0435451
7.47721	20.2906	4.92927	3.55239	0.556897	7.18029	20.392	7.45939	20.4237	5.12083	3.51202	0.493364	-4.7735	-1.85382	-4.61975	-1.7717	2.81683	3.44777	0.00729881	0.00433608	0.0587328	0.00362414	0.0480634
7.13622	20.2371	5.12083	3.53669	0.493364	7.09214	20.1196	7.22939	20.3326	5.11376	3.53005	0.470941	-4.73276	-1.93687	-4.58448	-1.87399	2.81683	0.236967	0.00898779	0.00451629	0.0637295	0.00336997	0.04338
6.8984	20.1396	5.11376	3.55359	0.470941	6.81542	20.1859	7.00119	20.2364	5.16864	3.5401	0.450199	-4.76363	-2.00565	-4.54738	-1.97462	0.256922	0.236967	0.00741483	0.0043034	0.0582231	0.00361163	0.0478425
6.63098	20.0522	5.16864	3.56261	0.450199	6.89359	20.1536	6.7749	20.1352	5.14329	3.55204	0.421813	-4.71611	-2.05226	-4.50854	-2.07357	0.256922	0.516485	0.00912417	0.00445539	0.0632927	0.00335773	0.043254
6.40113	19.9611	5.14329	3.57313	0.421813	6.38914	20.0137	6.55059	20.0292	5.15483	3.56668	0.412497	-4.69606	-2.12585	-4.46805	-2.17079	0.0998139	0.516485	0.00750304	0.00425418	0.0578659	0.00358369	0.0477299
6.16001	19.8637	5.15483	3.5873	0.412497	6.67637	20.2142	6.32834	19.9183	5.12863	3.58616	0.416807	-4.63012	-2.20564	-4.42598	-2.26625	0.0998139	2.94763	0.00922583	0.00438822	0.0628453	0.0033644	0.043399
5.94354	19.7668	5.12863	3.607	0.416807	5.86119	19.8306	6.10823	19.8027	5.18274	3.59164	0.393803	-4.66667	-2.25454	-4.38241	-2.35993	0.314857	2.94763	0.00757708	0.00419047	0.0575534	0.00358857	0.047875
5.67951	19.6698	5.18274	3.61133	0.393803	5.28178	19.5036	5.89034	19.6824	5.24219	3.64235	0.481339	-4.59855	-2.51672	-4.33744	-2.45178	0.314857	1.73853	0.0093089	0.00430369	0.0625282	0.00336527	0.0434593
5.44846	19.5093	5.24219	3.66642	0.481339	5.69089	19.5755	5.67472	19.5577	5.09837	3.68855	0.516559	-4.35456	-2.65163	-4.29114	-2.5418	1.97618	1.73853	0.00766164	0.00412012	0.0573388	0.00358602	0.0479182
5.31092	19.3706	5.09837	3.71438	0.516559	5.9506	18.9859	5.46145	19.4284	5.07254	3.72602	0.535139	-4.23064	-2.79862	-4.24359	-2.62995	1.97618	1.78306	0.00951321	0.00427879	0.0603692	0.00368652	0.0457276
5.11976	19.2135	5.07254	3.75278	0.535139	5.17021	19.4397	5.25059	19.2948	5.04807	3.73857	0.515571	-4.17494	-2.83775	-4.19488	-2.71622	2.00159	1.78306	0.00780155	0.00406745	0.0556779	0.00387741	0.0497061
4.91599	19.1072	5.04807	3.76435	0.515571	5.87397	19.301	5.04219	19.157	4.93931	3.74179	0.44614	-4.07603	-2.78975	-4.1451	-2.80059	2.00159	4.82675	0.00970948	0.00421469	0.0584994	0.00402199	0.0474694
4.73617	18.9994	4.93931	3.7641	0.44614	4.89149	18.982	4.8363	19.015	4.84875	3.78763	0.484795	-3.87162	-2.91906	-4.09432	-2.88305	0.69078	4.82675	0.0079146	0.00403017	0.0542749	0.00416689	0.0510318
4.60038	18.8387	4.84875	3.81187	0.484795	3.98679	19.0452	4.63297	18.8689	4.90934	3.81632	0.510511	-3.83358	-3.0668	-4.04263	-2.96359	0.69078	1.48579	0.00985772	0.00417647	0.056451	0.00443636	0.0495113
4.39455	18.6802	4.90934	3.84185	0.510511	4.4685	18.834	4.43224	18.7188	4.86548	3.8389	0.507892	-3.72974	-3.12441	-3.99012	-3.0422	1.08393	1.48579	0.00803877	0.00399503	0.0528041	0.00451563	0.0525709
4.22709	18.5449	4.86548	3.8643	0.507892	4.69245	18.4634	4.23416	18.5648	4.78846	3.84798	0.453378	-3.64265	-3.10813	-3.93685	-3.11888	1.08393	1.27225	0.0100567	0.0041313	0.0546998	0.00481029	0.0510351
4.0568	18.4044	4.78846	3.87065	0.453378	4.26269	18.481	4.03876	18.4071	4.67231	3.89787	0.49978	-3.39861	-3.20623	-3.88293	-3.19362	1.5019	1.27225	0.00815823	0.00396113	0.0515353	0.0048122	0.053689
3.95904	18.2435	4.67231	3.92286	0.49978	3.42434	18.8357	3.84606	18.2457	4.81838	3.95254	0.607355	-3.31895	-3.49304	-3.82841	-3.26644	1.5019	6.93765	0.0102257	0.00410438	0.0522874	0.00530351	0.0533881
3.78506	18.0522	4.81838	3.98291	0.607355	3.45919	18.167	3.65611	18.0807	4.98568	3.91262	0.491428	-3.57572	-3.47438	-3.77339	-3.33732	3.25845	6.93765	0.00831645	0.00391983	0.0498458	0.00520183	0.0554178
3.48133	17.9167	4.98568	3.93719	0.491428	4.3011	17.9267	3.46891	17.9122	4.87035	3.91501	0.419218	-3.48488	-3.40235	-3.71795	-3.40627	3.25845	3.44924	0.0104316	0.00401735	0.0520584	0.00537267	0.0528849
3.32474	17.7733	4.87035	3.93597	0.419218	3.12525	17.7493	3.28449	17.7402	4.97749	3.90069	0.36146	-3.61096	-3.42585	-3.66215	-3.47331	1.15247	3.44924	0.00842606	0.00389251	0.0496207	0.00520334	0.0549608
3.07277	17.6087	4.97749	3.91876	0.36146	2.65664	17.888	3.10287	17.565	5.05462	3.9443	0.442471	-3.51178	-3.63547	-3.60609	-3.53844	1.15247	2.33732	0.0104191	0.00395138	0.0527732	0.00517437	0.0515247
2.89989	17.4108	5.05462	3.96642	0.442471	2.9449	17.8154	2.92405	17.3866	5.00101	3.94059	0.406064	-3.48782	-3.58402	-3.54982	-3.60167	6.17487	2.33732	0.00846397	0.00384393	0.0501674	0.00501553	0.0540067
2.72246	17.2973	5.00101	3.9609	0.406064	3.26647	17.0897	2.74805	17.2051	5.05524	4.01441	0.534836	-3.24885	-3.87303	-3.49344	-3.66302	6.17487	2.66579	0.0105341	0.00390825	0.0525287	0.00515378	0.0518226
2.60216	17.0617	5.05524	4.04115	0.534836	2.55407	17.0853	2.57486	17.0205	5.07853	4.03027	0.517938	-3.20171	-3.94215	-3.437	-3.72251	0.0793866	2.66579	0.00855194	0.00378098	0.0499796	0.00499446	0.0543024
2.42537	16.8696	5.07853	4.05617	0.517938	2.55039	16.8884	2.4045	16.833	4.94918	4.01636	0.404504	-3.17331	-3.79796	-3.38059	-3.78014	0.0793866	2.39406	0.010818	0.00387003	0.0503066	0.00546678	0.054123
2.25995	16.7157	4.94918	4.03658	0.404504	2.25371	16.8334	2.23695	16.6427	4.9404	4.02627	0.389141	-3.12994	-3.82244	-3.32428	-3.83595	0.510696	2.39406	0.00868615	0.0037614	0.0483325	0.00524886	0.0560272
2.09745	16.5438	4.9404	4.04573	0.389141	1.57735	16.0489	2.07221	16.4497	4.93728	4.01984	0.320734	-3.15244	-3.79984	-3.26812	-3.88995	0.510696	4.69699	0.0108314	0.00382432	0.0496489	0.00557984	0.0546369
1.91154	16.3511	4.93728	4.03588	0.320734	1.88972	16.1054	1.91027	16.254	4.97539	4.04989	0.340989	-3.06032	-3.92288	-3.21219	-3.94216	2.27321	4.69699	0.00870193	0.00373553	0.0479458	0.00535734	0.0564804
1.76318	16.1147	4.97539	4.06694	0.340989	1.74362	16.2687	1.75112	16.0557	4.92442	4.04355	0.28178	-3.0535	-3.86342	-3.15656	-3.99261	2.27321	0.629846	0.0108303	0.00378784	0.0493449	0.00564661	0.0548239
1.60086	15.9436	4.92442	4.05764	0.28178	1.44745	16.0853	1.59474	15.8549	4.98346	4.01635	0.216871	-3.19531	-3.82424	-3.10129	-4.04132	1.30539	0.629846	0.00871723	0.00370406	0.0477857	0.00542153	0.0566599
1.3771	15.782	4.98346	4.02719	0.216871	1.6097	15.5526	1.44111	15.6517	5.06238	4.08872	0.367566	-2.95653	-4.10934	-3.04644	-4.08832	1.30539	2.59491	0.0106048	0.00372992	0.0507234	0.0053569	0.0529285
1.27273	15.5299	5.06238	4.1071	0.367566	1.18395	15.4284	1.29021	15.4463	5.12042	4.09609	0.349351	-2.9597	-4.17838	-2.99207	-4.13364	0.626769	2.59491	0.00864504	0.00365017	0.048893	0.00519726	0.0553176
1.09616	15.3071	5.12042	4.11356	0.349351	0.828993	15.528	1.14201	15.2386	5.1067	4.09371	0.30786	-2.96169	-4.16015	-2.93825	-4.1773	0.626769	0.854307	0.010773	0.00369572	0.0499945	0.0054913	0.0540362
0.930473	15.1165	5.1067	4.1091	0.30786	0.722706	15.0075	0.996486	15.0288	5.22505	4.07368	0.250412	-3.11495	-4.19502	-2.88503	-4.21933	1.67842	0.854307	0.00875332	0.00363184	0.0482522	0.00529144	0.0560734
0.69898	14.8955	5.22505	4.0862	0.250412	1.03147	15.2134	0.853604	14.8169	5.14216	4.06263	0.184757	-3.11098	-4.09434	-2.83246	-4.25977	1.67842	2.19759	0.0106625	0.00365843	0.0509932	0.00521347	0.052406
0.543733	14.7221	5.14216	4.07187	0.184757	0.737301	14.7047	0.71333	14.603	5.04759	4.11075	0.245189	-2.85692	-4.16126	-2.78061	-4.29864	1.02596	2.19759	0.00868117	0.00360892	0.0490055	0.00507287	0.0549305
0.477561	14.5059	5.04759	4.12301	0.245189	0.722177	14.2445	0.575628	14.3872	5.11541	4.16841	0.354864	-2.64745	-4.37703	-2.72952	-4.33598	1.02596	2.0802	0.0106424	0.00364641	0.0505957	0.0052785	0.0532147
0.380597	14.2498	5.11541	4.18615	0.354864	0.253435	14.2029	0.440459	14.1696	5.18578	4.16325	0.318094	-2.70673	-4.42334	-2.67925	-4.37181	0.534139	2.0802	0.00870185	0.00357464	0.048751	0.00514402	0.0555603
0.198989	14.0235	5.18578	4.17916	0.318094	-0.0328023	13.9604	0.307779	13.9502	5.31293	4.21634	0.426692	-2.5287	-4.67257	-2.62984	-4.40617	0.534139	2.41586	0.0107425	0.00361851	0.0496614	0.00542499	0.0541745
0.0838029	13.7552	5.31293	4.23768	0.426692	0.459172	13.6856	0.177545	13.7292	5.1444	4.31816	0.556243	-1.97594	-4.74979	-2.58135	-4.43909	3.95046	2.41586	0.00882408	0.0035552	0.0480093	0.00523284	0.0560894
0.136628	13.5002	5.1444	4.34597	0.556243	0.0524412	13.6377	0.0497099	13.5065	5.19753	4.35017	0.575861	-1.84177	-4.86027	-2.53381	-4.47061	3.95046	0.538375	0.0111137	0.00361884	0.0441197	0.00615251	0.0588638
0.0430444	13.252	5.19753	4.37896	0.575861	-0.190344	13.2856	-0.0757753	13.2823	5.28899	4.32445	0.483636	-2.00071	-4.89597	-2.48728	-4.50075	1.48005	0.538375	0.00904918	0.00353437	0.0442348	0.00579072	0.0592811
-0.1483	13.0154	5.28899	4.34864	0.483636	-0.275043	13.1456	-0.198962	13.0566	5.18711	4.31323	0.393789	-2.01594	-4.77934	-2.44179	-4.52955	1.48005	1.55363	0.011363	0.00359213	0.0424355	0.00644861	0.0597697
-0.271512	12.8067	5.18711	4.33292	0.393789	0.0462308	12.9301	-0.319903	12.8295	5.03614	4.40357	0.515109	-1.53065	-4.7979	-2.39739	-4.55704	3.26556	1.55363	0.0091931	0.00352901	0.0430994	0.00596129	0.0596666
-0.216612	12.5824	5.03614	4.42933	0.515109	-0.684792	12.3563	-0.438654	12.6011	4.95481	4.38713	0.417131	-1.58334	-4.69502	-2.35412	-4.58326	3.26556	3.57503	0.011505	0.00359259	0.0391515	0.00693129	0.0622947
-0.338284	12.3653	4.95481	4.40799	0.417131	-0.476482	12.3633	-0.555273	12.3714	5.00334	4.37366	0.358475	-1.66253	-4.71905	-2.31202	-4.60823	0.500661	3.57503	0.0092393	0.00351897	0.041058	0.00634296	0.0614802
-0.475924	12.1306	5.00334	4.39159	0.358475	-0.972122	12.5207	-0.669818	12.1404	4.9675	4.34826	0.273098	-1.7691	-4.64181	-2.27111	-4.63198	0.500661	3.51675	0.0113123	0.00358108	0.0392601	0.006939	0.0616012
-0.614477	11.9278	4.9675	4.36192	0.273098	-0.582624	12.0386	-0.78235	11.9083	4.93265	4.36636	0.281465	-1.67298	-4.64027	-2.23144	-4.65456	0.489116	3.51675	0.00915771	0.00351637	0.0412308	0.00636648	0.0611421
-0.684165	11.7132	4.93265	4.38043	0.281465	-1.26757	11.6495	-0.892931	11.6751	4.96613	4.34349	0.215415	-1.79075	-4.63202	-2.19304	-4.67598	0.489116	2.54877	0.0110312	0.00358278	0.0400751	0.00680877	0.0606249
-0.828257	11.4845	4.96613	4.35426	0.215415	-1.17212	11.3988	-1.00163	11.4409	5.10536	4.27276	0.0806785	-2.17284	-4.61989	-2.15594	-4.69628	3.43365	2.54877	0.00901759	0.00351597	0.0418604	0.006307	0.0607008
-1.07348	11.2418	5.10536	4.2768	0.0806785	-0.891441	10.959	-1.1085	11.2057	5.0568	4.25861	0.0241764	-2.21674	-4.54503	-2.12017	-4.71549	3.43365	1.79103	0.0101507	0.00360157	0.0440825	0.00581591	0.0551216
-1.18964	11.0186	5.0568	4.25982	0.0241764	-1.39289	11.0424	-1.21362	10.9695	5.1305	4.21533	-0.0445571	-2.44644	-4.50965	-2.08575	-4.73364	1.16438	1.79103	0.00850849	0.00352677	0.0448615	0.0056177	0.0572167
-1.38826	10.7967	5.1305	4.2131	-0.0445571	-1.29894	10.9012	-1.31706	10.7324	5.19538	4.28334	0.127227	-2.16132	-4.72448	-2.05273	-4.75075	1.16438	2.60107	0.00933345	0.00363516	0.0483652	0.00492376	0.0509534
-1.43631	10.5344	5.19538	4.2897	0.127227	-1.49687	10.4198	-1.41889	10.4945	5.24868	4.28018	0.112308	-2.19856	-4.76602	-2.02111	-4.76686	0.587671	2.60107	0.0080486	0.00355385	0.0481113	0.00495684	0.0543723
-1.56843	10.2775	5.24868	4.28579	0.112308	-1.59293	10.0212	-1.51917	10.2559	5.32877	4.31881	0.198694	-2.04357	-4.92134	-1.99093	-4.78198	0.587671	1.56585	0.00924218	0.00367879	0.0499713	0.00478975	0.0512908
-1.64987	10.0022	5.32877	4.32874	0.198694	-1.61875	10.2374	-1.61797	10.0165	5.25532	4.33169	0.205404	-1.95271	-4.87907	-1.96221	-4.79615	2.08076	1.56585	0.00802514	0.00358583	0.0490269	0.00485716	0.0545997
-1.73032	9.79656	5.25532	4.34196	0.205404	-1.59702	9.96554	-1.71539	9.77637	5.20311	4.33858	0.188565	-1.90001	-4.84379	-1.93498	-4.80939	2.08076	0.581248	0.00928752	0.00372244	0.0498218	0.00487858	0.0524027
-1.81589	9.56916	5.20311	4.348	0.188565	-1.73381	9.71347	-1.81147	9.53564	5.1294	4.36251	0.212949	-1.75827	-4.81863	-1.90924	-4.82172	0.942756	0.581248	0.00803035	0.00361276	0.048741	0.00494667	0.0553789
-1.86946	9.35374	5.1294	4.37316	0.212949	-2.27191	9.37316	-1.90631	9.29431	5.2338	4.36998	0.232429	-1.75726	-4.92998	-1.88502	-4.83316	0.942756	2.29967	0.00920916	0.00376235	0.0490978	0.00501211	0.0532612
-1.98723	9.09171	5.2338	4.38161	0.232429	-1.93833	8.77028	-1.99998	9.05243	5.30009	4.39256	0.247107	-1.66639	-5.03132	-1.86233	-4.84374	3.95851	2.29967	0.00801311	0.0036408	0.0481793	0.00506601	0.055926
-2.06101	8.78984	5.30009	4.40491	0.247107	-1.96565	9.13274	-2.09256	8.81003	5.20213	4.38469	0.185696	-1.67438	-4.9253	-1.8412	-4.85347	3.95851	2.01841	0.00903617	0.00380991	0.0488449	0.00494121	0.0526159
-2.14643	8.5752	5.20213	4.39398	0.185696	-2.1768	8.5411	-2.18412	8.56717	5.2243	4.38811	0.175858	-1.66458	-4.95202	-1.82164	-4.86238	0.0667494	2.01841	0.00790284	0.00367297	0.0480495	0.00500359	0.0553495
-2.24025	8.32136	5.2243	4.39691	0.175858	-2.65862	8.19477	-2.27474	8.32388	5.30254	4.36422	0.121331	-1.80909	-4.98438	-1.80365	-4.87047	0.0667494	2.46344	0.00864619	0.0038671	0.0493224	0.00469583	0.0511326
-2.38907	8.06032	5.30254	4.37029	0.121331	-2.21875	8.15339	-2.3645	8.0802	5.20549	4.40207	0.172852	-1.58957	-4.95685	-1.78726	-4.87778	1.11919	2.46344	0.00768196	0.00371121	0.0485579	0.00481213	0.0542705
-2.40581	7.83438	5.20549	4.41071	0.172852	-2.273	8.52315	-2.45348	7.83617	5.10189	4.41595	0.173373	-1.49032	-4.87936	-1.77248	-4.8843	1.11919	5.55058	0.00826105	0.00392018	0.0498136	0.0044579	0.0500208
-2.45359	7.6304	5.10189	4.42462	0.173373	-2.59674	7.60288	-2.54177	7.59184	5.16803	4.39911	0.132813	-1.5927	-4.91648	-1.75931	-4.89006	0.625766	5.55058	0.00738024	0.00376707	0.0491271	0.0046467	0.0535349
-2.58032	7.37449	5.16803	4.40575	0.132813	-3.08256	7.38874	-2.62944	7.34723	5.20049	4.32675	-0.0374942	-1.95617	-4.81856	-1.74777	-4.89507	0.625766	4.62429	0.00774154	0.00400199	0.0507634	0.00416859	0.0485999
-2.7794	7.1388	5.20049	4.32488	-0.0374942	-2.79865	7.064	-2.71658	7.10238	5.2313	4.3213	-0.0435623	-1.99414	-4.83632	-1.73786	-4.89933	0.21245	4.62429	0.00705698	0.00381163	0.0500615	0.00443824	0.0525836
-2.88794	6.88403	5.2313	4.31912	-0.0435623	-2.79412	7.20818	-2.80326	6.85734	5.19775	4.36766	0.0735943	-1.75655	-4.89195	-1.72958	-4.90286	0.21245	2.21508	0.00689861	0.00408234	0.0533711	0.00342177	0.0443125
-2.92081	6.6489	5.19775	4.37134	0.0735943	-2.74651	6.86867	-2.88957	6.61214	5.05566	4.39653	0.110648	-1.57047	-4.80555	-1.72295	-4.90566	2.58619	2.21508	0.00642201	0.00391663	0.052577	0.00380585	0.0492582
-2.93898	6.45493	5.05566	4.40206	0.110648	-2.57673	6.36755	-2.97559	6.36681	4.93266	4.39098	0.0473301	-1.55826	-4.68006	-1.71797	-4.90774	2.58619	3.43452	0.00660032	0.00417693	0.053959	0.00340768	0.0451753
-2.99189	6.24581	4.93266	4.39334	0.0473301	-2.90217	6.22989	-3.0614	6.12139	4.90295	4.40538	0.0648702	-1.48172	-4.67369	-1.71464	-4.90911	0.274979	3.43452	0.00616874	0.00400096	0.0530604	0.00384691	0.0500795
-3.04155	6.01392	4.90295	4.40862	0.0648702	-3.50172	6.10796	-3.14709	5.87592	5.01558	4.39315	0.0613081	-1.57413	-4.76216	-1.71297	-4.90976	0.274979	3.7262	0.00621972	0.00426649	0.0544124	0.0033876	0.0452344
-3.17043	5.7562	5.01558	4.39621	0.0613081	-3.1778	5.53101	-3.23274	5.63043	5.09879	4.39312	0.0544733	-1.60035	-4.84113	-1.71295	-4.9097	1.83997	3.7262	0.00593853	0.00407649	0.0535178	0.00385856	0.050146
-3.26276	5.47336	5.09879	4.39585	0.0544733	-3.19736	5.19093	-3.31843	5.38496	5.11542	4.35896	-0.0447988	-1.77055	-4.79924	-1.71458	-4.90893	1.83997	1.74317	0.00571473	0.00435172	0.0555175	0.00301072	0.0426311
-3.38467	5.22481	5.11542	4.35672	-0.0447988	-3.43031	5.10507	-3.40424	5.13955	5.17679	4.35049	-0.05447	-1.83283	-4.84148	-1.71787	-4.90745	0.566317	1.74317	0.0055537	0.00415863	0.0547171	0.00350203	0.0479352
-3.49296	4.95887	5.17679	4.34777	-0.05447	-3.4281	4.94644	-3.49026	4.89422	5.16888	4.38258	0.0362896	-1.67398	-4.89031	-1.72281	-4.90525	0.566317	0.577544	0.0051272	0.00443085	0.0568328	0.00249171	0.0395576
-3.54398	4.71145	5.16888	4.3844	0.0362896	-3.69435	4.52196	-3.57657	4.64902	5.2954	4.36937	0.01686	-1.78102	-4.9869	-1.72939	-4.90233	1.96092	0.577544	0.00504535	0.00427117	0.0562557	0.00299865	0.0452835
-3.67466	4.41981	5.2954	4.37021	0.01686	-3.50501	4.17643	-3.66325	4.40398	5.30683	4.34116	-0.0712397	-1.92514	-4.94533	-1.73763	-4.89868	1.96092	1.66107	0.00467365	0.00452614	0.0578557	0.00214274	0.0378578
-3.79087	4.1662	5.30683	4.33759	-0.0712397	-4.00238	4.04684	-3.75039	4.15913	5.42543	4.3205	-0.0906063	-2.07214	-5.01413	-1.74749	-4.8943	1.99717	1.66107	0.00465857	0.00437516	0.0574038	0.00265591	0.0437693
-3.9428	3.88415	5.42543	4.31597	-0.0906063	-4.06447	4.10977	-3.83806	3.91452	5.37951	4.35303	0.0185042	-1.89185	-5.03588	-1.75899	-4.88918	1.99717	1.70964	0.00422003	0.00460534	0.0584456	0.00177451	0.0357326
-4.00491	3.64493	5.37951	4.35395	0.0185042	-3.88053	3.75177	-3.92635	3.67019	5.29726	4.36071	0.0231467	-1.82475	-4.97305	-1.77212	-4.8833	0.925416	1.70964	0.0042185	0.00449505	0.0583247	0.0022739	0.0417847
-4.0688	3.42192	5.29726	4.36187	0.0231467	-4.23729	3.88878	-4.01533	3.42616	5.18682	4.3384	-0.050166	-1.89492	-4.82829	-1.78686	-4.87666	0.925416	4.02953	0.00396343	0.0046919	0.0591454	0.00167232	0.035456
-4.16495	3.2327	5.18682	4.33589	-0.050166	-4.15119	3.21968	-4.10509	3.18248	5.18866	4.33693	-0.0489781	-1.90268	-4.82721	-1.8032	-4.86925	0.0133798	4.02953	0.00396795	0.00459282	0.0590523	0.00218079	0.0415161
-4.25773	2.98928	5.18866	4.33448	-0.0489781	-4.27467	2.88187	-4.19571	2.93919	5.24248	4.31952	-0.0918705	-2.00703	-4.84308	-1.82113	-4.86104	0.0133798	0.484145	0.00374331	0.0047532	0.0593111	0.00161414	0.0350242
-4.37767	2.73081	5.24248	4.31493	-0.0918705	-4.32451	2.55034	-4.28727	2.69633	5.30945	4.32241	-0.0801427	-2.01849	-4.9108	-1.84065	-4.85202	1.27018	0.484145	0.00376869	0.00467632	0.0593556	0.00212071	0.0410641
-4.47337	2.44913	5.30945	4.3184	-0.0801427	-4.38481	2.39989	-4.37985	2.45393	5.29587	4.33833	-0.0213282	-1.93512	-4.92966	-1.86173	-4.84218	1.27018	0.347019	0.00358021	0.00479482	0.058874	0.00154715	0.0342635
-4.55259	2.19917	5.29587	4.33726	-0.0213282	-4.61223	2.09192	-4.47352	2.21205	5.35802	4.33824	-0.015733	-1.95826	-4.98734	-1.88436	-4.83149	0.528006	0.347019	0.0035956	0.00475272	0.0591824	0.00203121	0.0402481
-4.66112	1.92644	5.35802	4.33745	-0.015733	-4.29257	1.92854	-4.56836	1.97072	5.31655	4.2995	-0.14749	-2.13331	-4.86977	-1.90853	-4.81994	0.528006	3.56653	0.0034895	0.0048465	0.0585919	0.00153508	0.0340176
-4.77396	1.70885	5.31655	4.29212	-0.14749	-4.86829	1.53442	-4.66444	1.72998	5.41592	4.29572	-0.134658	-2.1919	-4.95255	-1.93422	-4.80751	1.38562	3.56653	0.00350307	0.00482712	0.0590278	0.00200103	0.0399215
-4.89914	1.42328	5.41592	4.28899	-0.134658	-4.98165	1.43611	-4.76186	1.48989	5.43347	4.2795	-0.16275	-2.27933	-4.93226	-1.9614	-4.79417	1.38562	0.135457	0.00345185	0.00492914	0.0576767	0.00159354	0.0343968
-5.023	1.17589	5.43347	4.27136	-0.16275	-4.66779	1.28643	-4.86066	1.25049	5.32128	4.28039	-0.164857	-2.22794	-4.83242	-1.99007	-4.7799	5.17228	0.135457	0.00345472	0.00493101	0.0582625	0.00204547	0.0401476
-5.07954	0.958495	5.32128	4.27215	-0.164857	-4.98594	1.10894	-4.96095	1.01182	5.21194	4.28432	-0.118423	-2.16357	-4.74165	-2.02019	-4.76468	5.17228	1.33573	0.00346419	0.00504715	0.0568688	0.00174431	0.0354782
-5.16613	0.755264	5.21194	4.27839	-0.118423	-4.85498	0.825661	-5.06277	0.77393	5.13347	4.28736	-0.11704	-2.11676	-4.67674	-2.05174	-4.74848	3.82945	1.33573	0.00343995	0.0050404	0.0575055	0.00219709	0.0410563
-5.22444	0.535174	5.13347	4.28151	-0.11704	-4.84736	0.18101	-5.16621	0.536876	5.29032	4.30011	-0.0941918	-2.11983	-4.84705	-2.08471	-4.73127	3.82945	5.46746	0.00348886	0.00516916	0.0563289	0.0019567	0.0368279
-5.32116	0.21926	5.29032	4.2954	-0.0941918	-5.1231	0.257311	-5.27133	0.300706	5.24803	4.30215	-0.0900778	-2.09307	-4.81258	-2.11906	-4.71303	1.53276	5.46746	0.00347601	0.00515578	0.0569288	0.0024119	0.0422224
-5.39519	-0.0151819	5.24803	4.29765	-0.0900778	-5.99809	-0.290765	-5.3782	0.0654719	5.2104	4.31707	-0.00677333	-2.00654	-4.80854	-2.15477	-4.69374	1.53276	5.90512	0.00355516	0.00668592	0.0615523	0.00232648	0.0384081
-5.49906	-0.250253	5.2104	4.31673	-0.00677333	-5.29972	-0.212982	-5.4869	-0.168772	5.17227	4.32421	-0.000455909	-1.95774	-4.78745	-2.1918	-4.67335	1.54884	5.90512	0.00354459	0.00623703	0.0592562	0.00269816	0.0432615
-5.5657	-0.484159	5.17227	4.32418	-0.000455909	-5.64447	-0.144522	-5.59748	-0.401971	5.04486	4.28315	-0.0915415	-2.09958	-4.5872	-2.23014	-4.65185	1.54884	3.37024	0.00364212	0.00624147	0.0569299	0.00243241	0.0389822
-5.69279	-0.6373	5.04486	4.27857	-0.0915415	-5.85359	-0.445801	-5.71001	-0.634069	4.95718	4.24973	-0.139981	-2.21255	-4.43601	-2.26974	-4.62919	2.08606	3.37024	0.00361248	0.00590969	0.0563512	0.00281923	0.043884
-5.83432	-0.803946	4.95718	4.24273	-0.139981	-5.30947	-0.724468	-5.82456	-0.865006	5.02611	4.2141	-0.247572	-2.40208	-4.41495	-2.31058	-4.60536	2.08606	4.93955	0.00371614	0.0061052	0.053818	0.00276045	0.0415078
-5.96004	-1.02725	5.02611	4.20173	-0.247572	-5.87835	-1.26863	-5.94118	-1.09472	5.13982	4.23325	-0.190718	-2.36952	-4.56105	-2.35262	-4.58032	2.10712	4.93955	0.00368205	0.00583369	0.0540669	0.00316246	0.0461331
-6.05647	-1.32045	5.13982	4.22372	-0.190718	-5.68069	-1.52871	-6.05993	-1.32316	5.21388	4.25689	-0.128112	-2.29362	-4.6823	-2.39581	-4.55404	2.10712	3.14322	0.00381258	0.00619661	0.0520521	0.00311416	0.0434935
-6.13977	-1.60651	5.21388	4.25049	-0.128112	-6.27263	-1.50938	-6.18087	-1.55025	5.17241	4.22894	-0.164332	-2.40434	-4.57963	-2.44014	-4.52648	0.913105	3.14322	0.00381245	0.00589354	0.0525562	0.00348496	0.0477425
-6.28594	-1.80429	5.17241	4.22072	-0.164332	-6.11355	-1.75966	-6.30406	-1.77593	5.27971	4.18131	-0.294	-2.67396	-4.5525	-2.48555	-4.49762	0.913105	2.85162	0.00397023	0.00638383	0.0509247	0.00347374	0.0453098
-6.44561	-2.03489	5.27971	4.16661	-0.294	-6.34007	-2.13685	-6.42954	-2.00014	5.3257	4.18862	-0.256352	-2.66362	-4.61175	-2.532	-4.46742	0.698192	2.85162	0.00394263	0.00606012	0.0514378	0.0037871	0.0491495
-6.55461	-2.29795	5.3257	4.17581	-0.256352	-6.99344	-2.17445	-6.55738	-2.22281	5.23148	4.16508	-0.251605	-2.72242	-4.4673	-2.57946	-4.43585	0.698192	3.13935	0.00415353	0.00670629	0.0492049	0.00388786	0.0475545
-6.70775	-2.48416	5.23148	4.1525	-0.251605	-6.79288	-2.4458	-6.68761	-2.44386	5.2148	4.13921	-0.273542	-2.82802	-4.38137	-2.62788	-4.40288	0.293615	3.13935	0.00409005	0.00626219	0.0498031	0.00412652	0.0508834
-6.86626	-2.68729	5.2148	4.12553	-0.273542	-7.14408	-2.67584	-6.82029	-2.66323	5.19818	4.11466	-0.289298	-2.92535	-4.2969	-2.6772	-4.36847	0.293615	0.894785	0.00434255	0.0070253	0.046883	0.00439934	0.0504878
-7.02785	-2.88874	5.19818	4.1002	-0.289298	-6.8003	-3.10086	-6.95546	-2.88084	5.29231	4.156	-0.193453	-2.79497	-4.49407	-2.7274	-4.3326	3.00449	0.894785	0.00422849	0.00647129	0.0477932	0.00455464	0.0531818
-7.10981	-3.18951	5.29231	4.14633	-0.193453	-7.13937	-3.22028	-7.09316	-3.09663	5.24554	4.1624	-0.145311	-2.74174	-4.47197	-2.7784	-4.29523	3.00449	0.406391	0.00452513	0.00733857	0.0457726	0.00478811	0.0520828
-7.23307	-3.41427	5.24554	4.15513	-0.145311	-7.12118	-3.26434	-7.23344	-3.3105	5.17669	4.14344	-0.168878	-2.78895	-4.36119	-2.83017	-4.25632	1.26719	0.406391	0.00441215	0.00661257	0.0467738	0.00483993	0.0543084
-7.36131	-3.59658	5.17669	4.13499	-0.168878	-7.77186	-4.08999	-7.37632	-3.5224	5.24327	4.15243	-0.133266	-2.78496	-4.44251	-2.88265	-4.21586	1.26719	4.5741	0.00475477	0.0075486	0.0444031	0.00518469	0.0539581
-7.504	-3.85854	5.24327	4.14577	-0.133266	-7.49009	-3.49081	-7.52184	-3.73223	5.07984	4.08561	-0.240129	-2.97954	-4.11426	-2.93579	-4.1738	4.26227	4.5741	0.00459479	0.00671269	0.0456407	0.00513867	0.0556978
-7.68063	-3.95544	5.07984	4.0736	-0.240129	-7.52393	-3.88213	-7.67004	-3.93992	5.09918	4.07039	-0.253669	-3.05339	-4.08392	-2.98953	-4.13012	4.26227	0.415552	0.00500431	0.00774624	0.041977	0.00570923	0.056828
-7.83095	-4.1592	5.09918	4.0577	-0.253669	-7.88049	-4.29783	-7.82094	-4.14538	5.15821	4.07597	-0.220471	-3.06561	-4.1484	-3.04381	-4.08479	0.736429	0.415552	0.00471551	0.00683617	0.0438021	0.00556577	0.0579218
-7.98119	-4.40391	5.15821	4.06495	-0.220471	-8.08524	-4.57834	-7.97457	-4.34854	5.16831	4.07407	-0.200797	-3.07953	-4.15065	-3.09857	-4.03778	0.736429	0.467587	0.00519533	0.0079977	0.0404224	0.00618142	0.0589011
-8.13162	-4.62462	5.16831	4.06403	-0.200797	-8.22492	-4.79812	-8.13095	-4.5493	5.24023	4.08342	-0.165313	-3.08289	-4.23743	-3.15376	-3.98906	1.36879	0.467587	0.00487806	0.00695745	0.042604	0.00590335	0.0593534
-8.28803	-4.88063	5.24023	4.07515	-0.165313	-8.453	-4.95621	-8.2901	-4.74759	5.12213	4.10008	-0.0892444	-2.94399	-4.19156	-3.2093	-3.93862	1.36879	2.16059	0.00543347	0.00822939	0.0396394	0.00652099	0.0600559
-8.41336	-5.0869	5.12213	4.09562	-0.0892444	-8.33552	-5.1059	-8.45204	-4.94331	5.12898	4.11083	-0.0639333	-2.90264	-4.22861	-3.26514	-3.88641	0.205806	2.16059	0.00506519	0.00702931	0.0419839	0.00611365	0.0600591
-8.53791	-5.31221	5.12898	4.10763	-0.0639333	-8.55062	-4.79248	-8.61678	-5.13637	4.99712	4.09306	-0.0703593	-2.90076	-4.06901	-3.32121	-3.83242	0.205806	3.32031	0.00566571	0.00832097	0.0394977	0.00671577	0.0605196
-8.68448	-5.46473	4.99712	4.08955	-0.0703593	-8.91477	-5.51752	-8.78433	-5.32669	5.0195	4.06426	-0.110864	-3.03024	-4.00162	-3.37745	-3.77663	2.01732	3.32031	0.00518719	0.00704325	0.0418838	0.00624162	0.0604105
-8.88231	-5.65579	5.0195	4.05872	-0.110864	-9.04115	-5.69364	-8.95469	-5.51417	5.02164	4.05423	-0.11765	-3.07154	-3.97272	-3.43377	-3.71901	2.01732	0.277265	0.0058579	0.00840394	0.0380998	0.00709704	0.0624764
-9.04322	-5.85231	5.02164	4.04835	-0.11765	-9.03391	-5.80267	-9.12788	-5.69872	5.00254	4.04	-0.131958	-3.11585	-3.91368	-3.49012	-3.65955	0.082606	0.277265	0.0052956	0.00709614	0.0408893	0.00652815	0.0618614
-9.20151	-6.03309	5.00254	4.03341	-0.131958	-8.86897	-5.41973	-9.30388	-5.88026	4.86959	4.02561	-0.1337	-3.08756	-3.76563	-3.54643	-3.59823	0.082606	5.35055	0.00603357	0.00853314	0.0366976	0.00750521	0.0643765
-9.33943	-6.17517	4.86959	4.01893	-0.1337	-9.30811	-5.82368	-9.4827	-6.05868	4.74048	3.95227	-0.24728	-3.26623	-3.43568	-3.60261	-3.53503	3.89527	5.35055	0.00536989	0.00714278	0.0399216	0.00684502	0.0632857
-9.53549	-6.2387	4.74048	3.9399	-0.24728	-9.80646	-6.41174	-9.66432	-6.23389	4.79206	3.93514	-0.258147	-3.36077	-3.41601	-3.6586	-3.46994	3.89527	1.15875	0.00612298	0.00855485	0.0340246	0.00809231	0.0673045
-9.71898	-6.41876	4.79206	3.92223	-0.258147	-9.62547	-6.55958	-9.84874	-6.4058	4.83279	3.96827	-0.181016	-3.27337	-3.55541	-3.71431	-3.40295	0.757511	1.15875	0.00537109	0.00719288	0.0381475	0.00734443	0.0655884
-9.8428	-6.65219	4.83279	3.95922	-0.181016	-10.6688	-6.35543	-10.0359	-6.57431	4.94187	3.90162	-0.291598	-3.58195	-3.40466	-3.76969	-3.33404	0.757511	7.24102	0.00619632	0.00875603	0.0331326	0.00859722	0.0689757
-10.0938	-6.79185	4.94187	3.88704	-0.291598	-10.2246	-6.83402	-10.2259	-6.73933	4.96423	3.87386	-0.312237	-3.69171	-3.31886	-3.82463	-3.26321	0.689899	7.24102	0.00542412	0.00735287	0.0375484	0.00766015	0.0665393
-10.3039	-6.9552	4.96423	3.85824	-0.312237	-10.2205	-6.71044	-10.4186	-6.90075	4.99454	3.84838	-0.332713	-3.79812	-3.2434	-3.87907	-3.19046	0.689899	0.823819	0.00635671	0.00906357	0.0312235	0.00910648	0.0710021
-10.4993	-7.10709	4.99454	3.83174	-0.332713	-10.7616	-7.29159	-10.614	-7.05849	5.07118	3.82869	-0.334745	-3.92047	-3.21664	-3.93293	-3.11577	3.86456	0.823819	0.0054982	0.00753225	0.0362985	0.00795376	0.0677245
-10.735	-7.29585	5.07118	3.81196	-0.334745	-10.8944	-6.83335	-10.8121	-7.21245	5.06883	3.78497	-0.381111	-4.05545	-3.04078	-3.98613	-3.03916	3.86456	1.56165	0.00650991	0.00938777	0.0299206	0.00946679	0.0723234
-10.9568	-7.41511	5.06883	3.76591	-0.381111	-11.2219	-7.56979	-11.0128	-7.36252	5.13955	3.75643	-0.394049	-4.19834	-2.96462	-4.03859	-2.96062	3.53181	1.56165	0.00554403	0.00772916	0.0354899	0.00812083	0.0683975
-11.2107	-7.58106	5.13955	3.73673	-0.394049	-10.986	-7.3707	-11.2161	-7.50862	5.05505	3.73184	-0.402765	-4.19974	-2.81348	-4.09021	-2.88015	3.53181	1.26372	0.00659886	0.0096616	0.0289902	0.00965013	0.073007
-11.4049	-7.70159	5.05505	3.7117	-0.402765	-11.0934	-7.6776	-11.422	-7.65064	4.99885	3.76105	-0.323492	-4.07003	-2.9023	-4.14093	-2.79777	3.35222	1.26372	0.0055591	0.00785923	0.0349524	0.00820393	0.0688175
-11.5338	-7.87967	4.99885	3.74488	-0.323492	-11.4213	-7.46085	-11.6304	-7.78849	4.95319	3.73011	-0.348298	-4.11988	-2.74968	-4.19066	-2.71349	3.35222	1.59888	0.00660063	0.00983092	0.0287607	0.00980234	0.073588
-11.7367	-7.98893	4.95319	3.7127	-0.348298	-11.5269	-7.8215	-11.8413	-7.92208	4.88772	3.70741	-0.358535	-4.12597	-2.62035	-4.23932	-2.6273	2.70312	1.59888	0.00556157	0.0078985	0.0348193	0.00832106	0.0693221
-11.9128	-8.08901	4.88772	3.68949	-0.358535	-11.9422	-7.88317	-12.0546	-8.05131	4.76894	3.67372	-0.387579	-4.10953	-2.41961	-4.28682	-2.53924	2.70312	1.20103	0.00659026	0.00982953	0.0287446	0.00992564	0.0739776
-12.1097	-8.1802	4.76894	3.65434	-0.387579	-12.09	-8.08828	-12.2702	-8.17609	4.7531	3.63424	-0.420669	-4.18788	-2.24803	-4.33309	-2.44932	0.27826	1.20103	0.00550666	0.00788645	0.0348279	0.00848096	0.0698949
-12.3256	-8.26254	4.7531	3.61321	-0.420669	-12.4462	-8.02117	-12.4881	-8.29633	4.93175	3.62209	-0.393471	-4.37329	-2.27957	-4.37802	-2.35756	0.27826	2.92083	0.00649594	0.00972933	0.0292241	0.010014	0.0739599
-12.567	-8.39311	4.93175	3.60242	-0.393471	-12.4231	-8.2599	-12.7082	-8.41193	4.88653	3.59257	-0.410141	-4.39797	-2.12979	-4.42156	-2.26399	1.43266	2.92083	0.00546357	0.00791568	0.0351614	0.00856737	0.069984
-12.7686	-8.47124	4.88653	3.57207	-0.410141	-12.7461	-8.19449	-12.9304	-8.5228	4.77998	3.54852	-0.457843	-4.38965	-1.89187	-4.4636	-2.16863	1.43266	1.269	0.00648536	0.00987494	0.0300564	0.0100627	0.0737114
-12.9803	-8.53147	4.77998	3.52563	-0.457843	-13.2911	-8.64594	-13.1547	-8.62886	4.8661	3.50409	-0.491269	-4.54988	-1.72556	-4.50407	-2.07151	4.05343	1.269	0.00539259	0.00798494	0.0356987	0.00861168	0.0698864
-13.2664	-8.6173	4.8661	3.47952	-0.491269	-13.7929	-8.47158	-13.381	-8.73002	4.98306	3.48344	-0.471161	-4.69472	-1.67048	-4.54289	-1.97267	4.05343	2.73453	0.00636242	0.00984851	0.0318586	0.00982582	0.0720353
-13.5304	-8.71048	4.98306	3.45988	-0.471161	-13.384	-8.57583	-13.6092	-8.82619	4.9415	3.44768	-0.491103	-4.71182	-1.48903	-4.57997	-1.87214	1.47103	2.73453	0.00531476	0.00805604	0.0368748	0.00842153	0.0687484
-13.7479	-8.75512	4.9415	3.42313	-0.491103	-13.6376	-8.26344	-13.8392	-8.91729	4.81759	3.37982	-0.581804	-4.68153	-1.13687	-4.61524	-1.76997	1.47103	2.94554	0.00626405	0.00995715	0.0339771	0.00949458	0.0702337
-13.9719	-8.75752	4.81759	3.35073	-0.581804	-13.9959	-8.99264	-14.0709	-9.00324	4.81095	3.40844	-0.490997	-4.64067	-1.2686	-4.64861	-1.6662	1.6544	2.94554	0.00517931	0.00810187	0.0382355	0.00821157	0.0677042
-14.1793	-8.90215	4.81095	3.38389	-0.490997	-14.4737	-8.79552	-14.3043	-9.08395	4.98052	3.41604	-0.407639	-4.79414	-1.34978	-4.68001	-1.56086	1.6544	2.98836	0.00607853	0.0100002	0.0358064	0.00929093	0.0692536
-14.4431	-9.00176	4.98052	3.39565	-0.407639	-14.4273	-9.1875	-14.5391	-9.15936	4.95765	3.4459	-0.329345	-4.72987	-1.48546	-4.70936	-1.45402	0.955287	2.98836	0.00515435	0.0081319	0.0393702	0.00805038	0.0670249
-14.652	-9.14467	4.95765	3.42943	-0.329345	-14.5757	-9.32634	-14.7754	-9.22939	4.90668	3.42735	-0.340791	-4.7077	-1.38312	-4.73658	-1.34573	0.955287	0.365279	0.00609704	0.0103148	0.0357979	0.00942128	0.0701647
-14.8774	-9.21303	4.90668	3.41031	-0.340791	-15.062	-9.04396	-15.013	-9.29397	4.98619	3.33978	-0.451882	-4.88858	-0.981762	-4.76161	-1.23603	1.62332	0.365279	0.00516243	0.00824743	0.0392243	0.00809585	0.0674813
-15.1845	-9.17649	4.98619	3.31719	-0.451882	-15.6189	-9.69365	-15.2517	-9.35302	5.02682	3.32924	-0.431462	-4.93858	-0.937745	-4.78436	-1.125	1.62332	4.4981	0.00604427	0.0102057	0.0380968	0.00890117	0.0673237
-15.4483	-9.2478	5.02682	3.30767	-0.431462	-15.6682	-9.56749	-15.4916	-9.40649	5.05999	3.36071	-0.350273	-4.93901	-1.09987	-4.80476	-1.01269	5.30441	4.4981	0.00506966	0.00826401	0.040726	0.0077161	0.065582
-15.7047	-9.39287	5.05999	3.34319	-0.350273	-15.9382	-9.35751	-15.7324	-9.45431	4.9558	3.30914	-0.433327	-4.8864	-0.826455	-4.82275	-0.899159	5.30441	2.07157	0.00596305	0.0104497	0.0386379	0.00880943	0.067267
-15.9452	-9.40348	4.9558	3.28747	-0.433327	-16.0862	-9.59819	-15.9741	-9.49642	4.97566	3.31979	-0.383726	-4.89687	-0.881947	-4.83827	-0.784484	2.04195	2.07157	0.00500411	0.00836393	0.0409819	0.00764047	0.0655322
-16.1969	-9.50247	4.97566	3.3006	-0.383726	-16.6033	-8.85459	-16.2164	-9.53277	4.94531	3.26399	-0.456866	-4.90831	-0.603807	-4.85124	-0.668734	2.04195	2.13308	0.00584966	0.0104783	0.0396285	0.00860702	0.066411
-16.4522	-9.49104	4.94531	3.24115	-0.456866	-16.4229	-9.37029	-16.4594	-9.5633	4.95599	3.21379	-0.498956	-4.94308	-0.35751	-4.8616	-0.55198	0.473114	2.13308	0.00491277	0.00839668	0.0416178	0.00752037	0.0650332
-16.7062	-9.46694	4.95599	3.18884	-0.498956	-16.011	-9.33486	-16.7027	-9.58797	4.88355	3.17786	-0.526092	-4.88034	-0.177052	-4.8693	-0.434301	0.473114	4.98264	0.00566464	0.0102279	0.0425355	0.0079287	0.0628228
-16.9197	-9.4578	4.88355	3.15155	-0.526092	-17.1132	-9.43043	-16.9464	-9.60673	4.96113	3.12455	-0.567071	-4.96041	0.0845546	-4.87427	-0.315773	1.27957	4.98264	0.00478177	0.00826881	0.0436863	0.00709069	0.0627768
-17.211	-9.42175	4.96113	3.09619	-0.567071	-16.9255	-10.8571	-17.1903	-9.61954	5.00047	3.16204	-0.43757	-4.99942	-0.102236	-4.87646	-0.196479	1.27957	8.18103	0.0054559	0.00993086	0.046079	0.00717234	0.0590737
-17.4602	-9.50663	5.00047	3.14016	-0.43757	-17.5448	-9.57485	-17.4342	-9.62636	5.01595	3.14783	-0.42683	-5.01585	-0.0313006	-4.87583	-0.0765024	0.438188	8.18103	0.00470727	0.00811585	0.0462116	0.00655469	0.0602123
-17.7206	-9.52353	5.01595	3.12649	-0.42683	-18.1371	-9.39146	-17.6781	-9.62717	5.00508	3.10658	-0.474626	-5.00201	0.175199	-4.87232	0.0440703	0.438188	1.54482	0.00539369	0.0100534	0.0472552	0.00707548	0.0592611
-17.9804	-9.49888	5.00508	3.08285	-0.474626	-17.9724	-9.42299	-17.9216	-9.62194	5.02288	3.06613	-0.499203	-5.00859	0.378666	-4.86588	0.165151	0.170513	1.54482	0.0046369	0.00820241	0.0468451	0.00648644	0.0603411
-18.2362	-9.4528	5.02288	3.04117	-0.499203	-18.3083	-9.18778	-18.1648	-9.61064	4.99803	3.01796	-0.552591	-4.95988	0.616358	-4.85648	0.286648	0.170513	0.431821	0.00526629	0.00998743	0.049579	0.00663681	0.0570569
-18.4811	-9.3987	4.99803	2.99033	-0.552591	-18.2763	-9.60997	-18.4074	-9.59325	4.85383	3.05302	-0.460853	-4.8348	0.429364	-4.84408	0.40847	2.375	0.431821	0.0045258	0.00818075	0.0484797	0.00616811	0.0587715
-18.6601	-9.47382	4.85383	3.02998	-0.460853	-18.2443	-9.58547	-18.6493	-9.56977	4.87657	3.05601	-0.394283	-4.85872	0.416841	-4.82864	0.530522	2.375	1.86344	0.00511977	0.0100399	0.0506117	0.00654323	0.0569669
-18.8948	-9.47161	4.87657	3.0363	-0.394283	-18.9545	-9.51544	-18.8904	-9.54017	4.8857	3.04158	-0.386993	-4.86128	0.487805	-4.81012	0.652707	0.203332	1.86344	0.00448961	0.00815758	0.049155	0.00612704	0.0587527
-19.1448	-9.45712	4.8857	3.02223	-0.386993	-18.6983	-9.02886	-19.1305	-9.50447	4.88952	3.02734	-0.36208	-4.85764	0.557441	-4.78851	0.774927	0.203332	4.02304	0.00506642	0.0100874	0.0511602	0.00653273	0.057004
-19.3726	-9.42169	4.88952	3.00923	-0.36208	-19.2983	-9.09865	-19.3694	-9.46265	4.96856	2.94292	-0.458767	-4.87083	0.980645	-4.76378	0.897083	3.34447	4.02304	0.00444384	0.00820556	0.0494382	0.00612113	0.0587224
-19.6311	-9.26163	4.96856	2.91998	-0.458767	-19.7037	-8.79906	-19.6069	-9.41472	4.94359	2.88709	-0.534255	-4.78435	1.24461	-4.73591	1.01907	3.34447	0.984362	0.0049699	0.00991978	0.0534667	0.00600515	0.0538663
-19.864	-9.16661	4.94359	2.86038	-0.534255	-19.8731	-8.96417	-19.8431	-9.36071	5.02067	2.81712	-0.595688	-4.75868	1.60066	-4.70487	1.1408	1.14995	0.984362	0.00432188	0.00815454	0.0511951	0.00571199	0.0564119
-20.1206	-9.01228	5.02067	2.78733	-0.595688	-20.3815	-7.6755	-20.0775	-9.30061	5.06406	2.78216	-0.584107	-4.74045	1.78125	-4.67066	1.26215	1.14995	4.95765	0.00477165	0.00958676	0.0568183	0.00511869	0.049228
-20.3632	-8.89795	5.06406	2.75296	-0.584107	-20.1607	-9.59663	-20.3102	-9.23446	4.71042	2.89448	-0.395736	-4.56733	1.15219	-4.63328	1.38303	14.4993	4.95765	0.00419759	0.00797403	0.0539381	0.00501214	0.0529476
-20.4982	-9.1037	4.71042	2.87469	-0.395736	-20.4587	-9.7448	-20.5409	-9.16227	4.72794	2.8968	-0.348723	-4.58698	1.14586	-4.59271	1.50334	14.4993	1.46086	0.00462637	0.00980434	0.0565161	0.00533421	0.0516979
-20.7357	-9.07167	4.72794	2.87936	-0.348723	-20.6596	-8.91527	-20.7696	-9.08409	4.76207	2.85193	-0.386498	-4.56369	1.36017	-4.54895	1.62296	0.993009	1.46086	0.00418887	0.00800104	0.0535259	0.00524628	0.0549843
-20.9613	-8.95387	4.76207	2.83261	-0.386498	-21.5568	-8.5005	-20.9959	-8.99994	4.78723	2.82079	-0.41523	-4.543	1.50953	-4.50202	1.74179	0.993009	2.45884	0.00461021	0.00980357	0.0571506	0.00536859	0.0518781
-21.2041	-8.86594	4.78723	2.80003	-0.41523	-21.0195	-8.85081	-21.2198	-8.90987	4.72529	2.80397	-0.408107	-4.45853	1.56523	-4.45191	1.85972	1.26039	2.45884	0.00414092	0.00805094	0.0538741	0.00528538	0.0550756
-21.3935	-8.79618	4.72529	2.78357	-0.408107	-21.8628	-8.64129	-21.4412	-8.81393	4.73629	2.7721	-0.440923	-4.41664	1.71046	-4.39865	1.97666	1.26039	1.85524	0.00453786	0.00980807	0.0581784	0.00526136	0.0510322
-21.6259	-8.70277	4.73629	2.75006	-0.440923	-21.5029	-8.87191	-21.6597	-8.71217	4.61872	2.78687	-0.388252	-4.33118	1.60422	-4.34224	2.0925	1.23232	1.85524	0.00408594	0.00805394	0.0546139	0.00520288	0.0543959
-21.8071	-8.69193	4.61872	2.76746	-0.388252	-21.9514	-7.41274	-21.8754	-8.60465	4.56612	2.69781	-0.55331	-4.12382	1.9605	-4.2827	2.20712	1.23232	6.04982	0.00445792	0.00984551	0.0586868	0.00525515	0.0509767
-21.9897	-8.53015	4.56612	2.67015	-0.55331	-21.9793	-8.57089	-22.0881	-8.49143	4.54433	2.67831	-0.541789	-4.06531	2.0308	-4.22007	2.32043	0.0487085	6.04982	0.00401393	0.00805953	0.0549894	0.00522356	0.0544118
-22.1876	-8.44383	4.54433	2.65122	-0.541789	-22.1914	-7.70392	-22.2975	-8.37258	4.58747	2.67746	-0.458972	-4.10217	2.05356	-4.15437	2.43232	0.0487085	2.49179	0.004355	0.00962931	0.0606435	0.00486759	0.048611
-22.3993	-8.34625	4.58747	2.65451	-0.458972	-22.5838	-8.35296	-22.5035	-8.24817	4.64867	2.65239	-0.463008	-4.10341	2.18452	-4.08564	2.5427	1.25454	2.49179	0.00397413	0.00793302	0.0566413	0.00491291	0.0526073
-22.6359	-8.2274	4.64867	2.62924	-0.463008	-22.3177	-8.57758	-22.7061	-8.11829	4.61733	2.6204	-0.488625	-4.00426	2.29905	-4.01391	2.65145	1.25454	0.757686	0.0042892	0.00957162	0.0621257	0.00458376	0.047291
-22.8219	-8.11112	4.61733	2.59597	-0.488625	-22.9861	-7.6724	-22.9049	-7.98301	4.8834	2.51713	-0.593161	-3.96178	2.85515	-3.93923	2.75848	6.14752	0.757686	0.0039287	0.00790096	0.057739	0.00467467	0.051572
-23.0748	-7.80431	4.8834	2.48747	-0.593161	-23.2693	-8.32031	-23.1	-7.84243	4.87224	2.45692	-0.685184	-3.77417	3.08129	-3.86163	2.8637	6.14752	2.48158	0.00421179	0.00926892	0.0644899	0.0038291	0.0433259
-23.2623	-7.63782	4.87224	2.42266	-0.685184	-23.4777	-7.56583	-23.2911	-7.69663	4.97802	2.41181	-0.698325	-3.7102	3.3189	-3.78118	2.967	1.78655	2.48158	0.00385432	0.00773495	0.0598505	0.00401501	0.0483553
-23.488	-7.43558	4.97802	2.37689	-0.698325	-23.473	-7.02103	-23.4781	-7.54572	4.99568	2.43563	-0.533077	-3.80164	3.24105	-3.69792	3.06828	1.78655	2.65221	0.00410187	0.00904951	0.0668084	0.00317453	0.0405068
-23.6965	-7.30532	4.99568	2.40897	-0.533077	-23.5408	-7.36069	-23.6609	-7.3898	4.91789	2.41481	-0.526987	-3.67522	3.26778	-3.61191	3.16746	0.946226	2.65221	0.00382811	0.00757163	0.0618469	0.00344003	0.0460015
-23.8505	-7.16839	4.91789	2.38846	-0.526987	-24.0505	-6.56968	-23.8393	-7.22897	4.94928	2.4021	-0.482134	-3.65659	3.33537	-3.52321	3.26445	0.946226	0.918887	0.00404514	0.00911624	0.0682096	0.00300376	0.0406396
-24.0448	-7.00045	4.94928	2.378	-0.482134	-23.9384	-7.26171	-24.0132	-7.06336	4.77552	2.40938	-0.446795	-3.55153	3.19253	-3.43189	3.35916	2.31199	0.918887	0.00379988	0.00758922	0.0627313	0.00331525	0.0461363
-24.1916	-6.93403	4.77552	2.38704	-0.446795	-24.3577	-5.94086	-24.1825	-6.89307	4.78927	2.3659	-0.496441	-3.41924	3.35349	-3.33801	3.45149	2.31199	1.9755	0.00399593	0.00921477	0.0686891	0.00304065	0.041478
-24.3553	-6.74223	4.78927	2.34108	-0.496441	-24.2574	-6.4352	-24.347	-6.71823	4.93142	2.30084	-0.54476	-3.28878	3.67462	-3.24166	3.54138	3.24297	1.9755	0.00376334	0.00763267	0.0629155	0.00338506	0.0468529
-24.5166	-6.45884	4.93142	2.2736	-0.54476	-24.788	-7.18367	-24.5066	-6.53896	4.92258	2.26304	-0.592144	-3.14192	3.78948	-3.14289	3.62873	3.24297	3.18024	0.00394802	0.00912689	0.0698004	0.00278601	0.0396384
-24.6799	-6.27459	4.92258	2.23343	-0.592144	-24.3008	-6.43799	-24.6612	-6.35538	4.72608	2.24339	-0.579453	-2.94443	3.69678	-3.0418	3.71347	5.89502	3.18024	0.003724	0.00758082	0.0638654	0.00314777	0.0452025
-24.7573	-6.16033	4.72608	2.21442	-0.579453	-24.6108	-6.00878	-24.8107	-6.16764	4.72594	2.2177	-0.564293	-2.84842	3.77108	-2.93846	3.79553	5.89502	0.397862	0.00389056	0.00908375	0.070745	0.00265666	0.039133
-24.8956	-5.97093	4.72594	2.18949	-0.564293	-25.146	-5.91902	-24.955	-5.97587	4.82086	2.19109	-0.562829	-2.80224	3.92277	-2.83295	3.87484	2.36493	0.397862	0.00369459	0.00752743	0.0646486	0.00305179	0.0447909
-25.0783	-5.74811	4.82086	2.16295	-0.562829	-24.8975	-5.02285	-25.094	-5.7802	4.83376	2.1658	-0.540446	-2.70938	4.00306	-2.72537	3.95132	2.36493	2.01322	0.0038401	0.00903556	0.0715837	0.00249223	0.0382198
-25.2076	-5.53874	4.83376	2.13878	-0.540446	-25.1941	-5.64372	-25.2276	-5.58079	4.7681	2.14866	-0.529529	-2.60452	3.9939	-2.61581	4.02492	0.328986	2.01322	0.00367053	0.00749884	0.0653054	0.00290128	0.0439654
-25.3316	-5.37466	4.7681	2.12219	-0.529529	-25.5328	-5.4399	-25.3556	-5.37777	4.7829	2.1554	-0.437684	-2.63955	3.9886	-2.50435	4.09557	0.328986	1.06567	0.00379797	0.00903024	0.0722181	0.00239092	0.0378762
-25.4877	-5.18972	4.7829	2.13352	-0.437684	-25.5713	-5.10241	-25.4779	-5.1713	4.85494	2.12849	-0.443411	-2.56939	4.1193	-2.39109	4.16322	0.464881	1.06567	0.003655	0.00748511	0.06576	0.00281605	0.0436609
-25.6322	-4.95217	4.85494	2.10632	-0.443411	-25.0178	-6.55904	-25.5946	-4.96152	4.81031	2.13689	-0.357247	-2.57994	4.05992	-2.27613	4.22781	0.464881	5.92668	0.00376302	0.00905814	0.072576	0.00231253	0.0375396
-25.7619	-4.78246	4.81031	2.11902	-0.357247	-25.6952	-4.89995	-25.7055	-4.7486	4.72379	2.12689	-0.347892	-2.49355	4.01203	-2.15956	4.2893	0.553708	5.92668	0.00363523	0.00749981	0.0659564	0.00274179	0.0433312
-25.8719	-4.62322	4.72379	2.10949	-0.347892	-25.8162	-4.40681	-25.8105	-4.53268	4.72559	2.10487	-0.357801	-2.40552	4.06751	-2.04149	4.34764	0.553708	0.159365	0.00373136	0.0091161	0.0725219	0.00235313	0.0380757
-25.987	-4.41542	4.72559	2.08698	-0.357801	-25.9516	-4.26659	-25.9096	-4.31392	4.81035	2.07231	-0.375481	-2.31261	4.21798	-1.92202	4.40279	0.714442	0.159365	0.00361012	0.00753331	0.0658322	0.00279469	0.0438064
-26.1007	-4.15586	4.81035	2.05354	-0.375481	-26.8953	-4.43966	-26.0027	-4.0925	4.80315	1.99901	-0.563164	-1.99448	4.36947	-1.80125	4.45471	0.714442	11.0793	0.0036974	0.00912135	0.0727298	0.00228821	0.0375284
-26.1955	-3.92351	4.80315	1.97085	-0.563164	-26.1198	-3.67723	-26.0897	-3.86856	4.9436	1.94681	-0.591415	-1.81537	4.59822	-1.67928	4.50337	2.04461	11.0793	0.00358063	0.00753356	0.0660272	0.00273051	0.0433063
-26.2795	-3.61308	4.9436	1.91724	-0.591415	-26.5652	-3.85723	-26.1706	-3.64227	4.95255	1.87975	-0.712364	-1.5059	4.71805	-1.55623	4.54875	2.04461	2.43185	0.00366369	0.00898902	0.0730815	0.00204561	0.0359133
-26.3438	-3.36502	4.95255	1.84414	-0.712364	-25.9974	-3.24722	-26.2453	-3.41381	4.97242	1.81947	-0.73778	-1.22381	4.81946	-1.4322	4.59081	4.96805	2.43185	0.00356505	0.0074346	0.0665651	0.00249134	0.0418704
-26.352	-3.09171	4.97242	1.78258	-0.73778	-26.2976	-3.01078	-26.3138	-3.18332	4.97476	1.77821	-0.748504	-1.02443	4.86814	-1.30729	4.62954	4.96805	0.0568035	0.00364151	0.00881886	0.073385	0.00182105	0.0348986
-26.3987	-2.84579	4.97476	1.74078	-0.748504	-26.1741	-2.87885	-26.376	-2.95098	4.92347	1.73088	-0.76002	-0.784798	4.86052	-1.18162	4.66493	1.90913	0.0568035	0.00355965	0.0073115	0.0670653	0.00228353	0.0409616
-26.4017	-2.6173	4.92347	1.69288	-0.76002	-26.4681	-3.44967	-26.4319	-2.71697	4.88967	1.72688	-0.665382	-0.760114	4.83022	-1.05529	4.69696	1.90913	1.94799	0.00362647	0.00872913	0.0739278	0.00170836	0.0347128
-26.4634	-2.3974	4.88967	1.69361	-0.665382	-26.674	-2.73852	-26.4815	-2.48143	4.69635	1.71639	-0.652195	-0.681356	4.64666	-0.928411	4.72562	5.25825	1.94799	0.00355646	0.00725144	0.0675302	0.00219249	0.0407909
-26.5257	-2.27215	4.69635	1.68378	-0.652195	-26.657	-1.72382	-26.5247	-2.24456	4.70983	1.71701	-0.550578	-0.686179	4.65957	-0.80109	4.75091	5.25825	1.41159	0.00361369	0.00874889	0.0746451	0.00173594	0.0353289
-26.5846	-2.03718	4.70983	1.68948	-0.550578	-26.6691	-2.17333	-26.5616	-2.0065	4.6303	1.69776	-0.545129	-0.586302	4.59303	-0.673434	4.77284	0.839664	1.41159	0.00354946	0.00726565	0.0679361	0.00224936	0.041397
-26.6253	-1.85058	4.6303	1.6705	-0.545129	-26.3248	-1.32261	-26.5921	-1.76744	4.64106	1.69155	-0.468077	-0.559081	4.60727	-0.545553	4.79141	0.839664	2.22108	0.00359684	0.00879243	0.0750562	0.00178021	0.0356325
-26.6566	-1.61479	4.64106	1.66815	-0.468077	-26.4671	-1.53207	-26.6161	-1.52753	4.67843	1.65528	-0.480715	-0.39477	4.66175	-0.417552	4.80664	1.5668	2.22108	0.00354025	0.0072938	0.0681094	0.00230926	0.0416926
-26.6474	-1.35744	4.67843	1.63124	-0.480715	-26.4998	-2.19526	-26.6338	-1.28695	4.65438	1.60378	-0.563381	-0.153474	4.65185	-0.289538	4.81852	1.5668	1.71418	0.00357975	0.00882951	0.0752249	0.00178384	0.0354698
-26.6338	-1.13462	4.65438	1.57561	-0.563381	-26.5998	-1.14277	-26.6451	-1.04586	4.64675	1.57373	-0.565479	-0.013619	4.64673	-0.161616	4.8271	0.0452624	1.71418	0.00352654	0.0073135	0.0681636	0.00231279	0.0415297
-26.629	-0.905504	4.64675	1.54545	-0.565479	-27.2008	-1.67679	-26.65	-0.804425	4.62863	1.56377	-0.530954	0.0325328	4.62852	-0.0338883	4.83238	0.0452624	4.76991	0.00356704	0.00883618	0.0751256	0.00178698	0.0354821
-26.6575	-0.685834	4.62863	1.53722	-0.530954	-26.7355	-0.59539	-26.6485	-0.562811	4.69236	1.54109	-0.525447	0.139362	4.69029	0.0935412	4.83439	0.469033	4.76991	0.00352219	0.00731639	0.0680522	0.00231915	0.041539
-26.6633	-0.421656	4.69236	1.51482	-0.525447	-26.9891	0.0351487	-26.6406	-0.321181	4.71422	1.49344	-0.600472	0.364302	4.70012	0.220572	4.83317	0.469033	2.02557	0.00355663	0.00885181	0.0751021	0.00177493	0.0353791
-26.642	-0.179214	4.71422	1.46342	-0.600472	-26.4553	0.0602653	-26.6264	-0.0796947	4.86842	1.4514	-0.60907	0.579898	4.83376	0.347104	4.82874	3.03922	2.02557	0.00352248	0.00732291	0.0680061	0.00230366	0.0414335
-26.5846	0.139466	4.86842	1.42095	-0.60907	-26.9537	0.136943	-26.6059	0.161489	4.87106	1.42272	-0.616129	0.718658	4.81775	0.473041	4.82116	3.03922	2.46943	0.00355365	0.00897346	0.0753461	0.00172969	0.0350302
-26.5615	0.38013	4.87106	1.39191	-0.616129	-26.6201	0.57588	-26.5792	0.402213	5.00241	1.39699	-0.60647	0.865076	4.92704	0.598287	4.81045	1.27123	2.46943	0.00352862	0.00738961	0.0679956	0.00224505	0.0410691
-26.5278	0.690571	5.00241	1.36667	-0.60647	-26.8241	0.381506	-26.5462	0.642323	4.98105	1.4023	-0.507429	0.835318	4.91051	0.722748	4.79667	1.27123	1.69782	0.00355949	0.00893639	0.0748633	0.00168492	0.0347519
-26.5189	0.93249	4.98105	1.37693	-0.507429	-26.7293	1.06082	-26.5069	0.881666	5.06439	1.39137	-0.490339	0.903818	4.98309	0.846334	4.77986	2.1529	1.69782	0.00353571	0.00737456	0.0676616	0.00218696	0.0407795
-26.5067	1.22327	5.06439	1.36685	-0.490339	-25.9562	2.60409	-26.4616	1.12009	5.09791	1.39921	-0.375792	0.870459	5.02304	0.968955	4.76007	2.1529	6.60506	0.0035711	0.00891431	0.0747476	0.00163937	0.0344834
-26.4692	1.49708	5.09791	1.38042	-0.375792	-26.3986	1.42212	-26.4101	1.35745	5.04987	1.37497	-0.382297	0.982601	4.95335	1.09053	4.73737	0.356104	6.60506	0.00354659	0.00736563	0.0675876	0.00213267	0.0405319
-26.4093	1.72021	5.04987	1.35585	-0.382297	-26.5072	-0.563928	-26.3526	1.59361	4.98303	1.36178	-0.363549	1.03397	4.87457	1.21096	4.71181	0.356104	8.22266	0.00358945	0.00889504	0.074692	0.00162022	0.0344482
-26.3657	1.93273	4.98303	1.3436	-0.363549	-26.3594	1.79315	-26.2891	1.82841	4.89069	1.34047	-0.368233	1.1165	4.76154	1.33018	4.68345	0.58499	8.22266	0.00354358	0.00735212	0.0675641	0.0021156	0.040515
-26.3101	2.12501	4.89069	1.32206	-0.368233	-26.3475	1.82827	-26.2197	2.06173	4.88725	1.30051	-0.435904	1.30495	4.70981	1.44811	4.65235	0.58499	0.534997	0.00359798	0.00888231	0.0746097	0.00166878	0.0349239
-26.2319	2.35337	4.88725	1.27871	-0.435904	-26.2502	2.18481	-26.1444	2.29342	4.77459	1.27584	-0.44073	1.38797	4.56839	1.56467	4.61859	0.860223	0.534997	0.0035448	0.00733963	0.0675054	0.0021794	0.0409793
-26.1675	2.52637	4.77459	1.2538	-0.44073	-26.069	2.27896	-26.0633	2.52336	4.75931	1.26839	-0.390828	1.41743	4.54334	1.67979	4.58223	0.860223	0.497841	0.00360489	0.00887181	0.074307	0.00176317	0.0355525
-26.1027	2.75086	4.75931	1.24884	-0.390828	-26.0641	2.80701	-25.9765	2.75141	4.79938	1.24838	-0.390288	1.52074	4.55207	1.79339	4.54334	0.147326	0.497841	0.00354535	0.00733605	0.0672492	0.00228914	0.0415666
-26.0199	2.99708	4.79938	1.22886	-0.390288	-26.3234	3.02388	-25.8841	2.97746	4.81672	1.18496	-0.535634	1.8127	4.46261	1.90543	4.502	0.147326	2.98515	0.00361034	0.00886103	0.0741767	0.00181298	0.035618
-25.9116	3.21446	4.81672	1.15818	-0.535634	-25.8345	3.42005	-25.7861	3.20139	4.95924	1.16128	-0.52828	1.97458	4.54918	2.01582	4.45828	1.46472	2.98515	0.0035587	0.00732525	0.0671432	0.00233641	0.0416058
-25.7972	3.51	4.95924	1.13487	-0.52828	-26.1824	3.73376	-25.6826	3.42306	4.96154	1.14258	-0.518528	2.06025	4.51356	2.12452	4.41227	1.46472	1.84801	0.00362563	0.00885914	0.0737129	0.00184564	0.0356037
-25.7118	3.74095	4.96154	1.11666	-0.518528	-25.6666	3.63509	-25.5737	3.64239	4.89796	1.10952	-0.528491	2.18006	4.38604	2.23146	4.36404	0.420594	1.84801	0.00357591	0.00733679	0.0667237	0.00235303	0.041534
-25.598	3.92643	4.89796	1.08309	-0.528491	-25.5773	3.13316	-25.4596	3.85924	4.87624	1.07793	-0.538121	2.30722	4.29586	2.3366	4.31367	0.420594	1.18239	0.0036538	0.0088751	0.0732637	0.00191959	0.0361064
-25.4781	4.12822	4.87624	1.05102	-0.538121	-25.7492	3.99968	-25.3402	4.07353	4.75648	1.05785	-0.536629	2.33422	4.14434	2.43989	4.26125	3.17173	1.18239	0.00358761	0.00735055	0.06632	0.00242266	0.0419736
-25.4078	4.28717	4.75648	1.03102	-0.536629	-25.3516	3.75691	-25.2157	4.28514	4.74027	1.02989	-0.533952	2.44082	4.06356	2.54127	4.20686	3.17173	0.650538	0.00367832	0.00889515	0.0727092	0.00205461	0.0370338
-25.2829	4.4818	4.74027	1.00319	-0.533952	-25.0214	4.52803	-25.0863	4.49399	4.80967	0.993326	-0.540994	2.62563	4.02977	2.64071	4.15058	2.58975	0.650538	0.00359666	0.00736806	0.0658341	0.00256268	0.0428202
-25.109	4.70475	4.80967	0.966276	-0.540994	-24.2719	4.30917	-24.9518	4.69998	4.78573	0.981959	-0.463492	2.65797	3.97975	2.73817	4.09251	2.58975	9.60899	0.00369625	0.00892353	0.072069	0.0021782	0.0376013
-24.9594	4.89859	4.78573	0.958784	-0.463492	-25.0363	4.88499	-24.8126	4.90303	4.76421	0.961378	-0.461855	2.72699	3.90656	2.83361	4.03273	0.22399	9.60899	0.00360925	0.00739925	0.0652592	0.00267619	0.0432997
-24.836	5.08722	4.76421	0.938285	-0.461855	-24.3609	4.95947	-24.6686	5.10304	4.76708	0.932647	-0.462903	2.8398	3.82891	2.92701	3.97132	0.22399	2.58156	0.00372481	0.00894298	0.0716602	0.00227806	0.0380128
-24.676	5.27357	4.76708	0.909502	-0.462903	-24.5041	5.35293	-24.5201	5.29995	4.84865	0.908254	-0.459923	2.98252	3.82283	3.01833	3.90839	1.25215	2.58156	0.00362849	0.00741574	0.0648957	0.00276614	0.0436672
-24.4971	5.49581	4.84865	0.885258	-0.459923	-24.4379	5.24592	-24.367	5.49367	4.86533	0.853401	-0.55014	3.19858	3.66613	3.10754	3.84401	1.25215	0.85778	0.00375726	0.0089635	0.0711799	0.00235173	0.0382549
-24.3167	5.66435	4.86533	0.825894	-0.55014	-24.1159	5.61152	-24.2095	5.68414	4.87385	0.813249	-0.56333	3.34903	3.54097	3.19464	3.77827	1.61525	0.85778	0.00365588	0.00743301	0.0644671	0.0028222	0.0438582
-24.1188	5.83046	4.87385	0.785082	-0.56333	-24.5638	4.75836	-24.0477	5.8713	4.84675	0.772677	-0.600571	3.47049	3.3833	3.27959	3.71127	1.61525	2.87355	0.0037937	0.00903117	0.0699032	0.00253686	0.0393963
-23.9512	5.98021	4.84675	0.742648	-0.600571	-23.9153	5.94377	-23.8818	6.05508	4.83267	0.737809	-0.606833	3.57591	3.25078	3.36239	3.64309	0.091517	2.87355	0.00367629	0.00748205	0.0633813	0.00299104	0.044818
-23.7683	6.13185	4.83267	0.707467	-0.606833	-23.5491	6.44495	-23.7117	6.23542	4.75273	0.776607	-0.398408	3.3901	3.33101	3.44302	3.57383	0.091517	4.81807	0.0038307	0.0091136	0.0683484	0.00279985	0.0408928
-23.6346	6.32528	4.75273	0.756687	-0.398408	-23.6471	6.29102	-23.5377	6.41227	4.72942	0.7533	-0.403947	3.44981	3.23516	3.52148	3.50357	0.0389896	4.81807	0.00368454	0.00755634	0.0620713	0.00323517	0.0460907
-23.4659	6.475	4.72942	0.733103	-0.403947	-23.7544	6.53746	-23.3598	6.58559	4.70641	0.757832	-0.340775	3.41839	3.23494	3.59775	3.4324	0.0389896	1.18134	0.00386937	0.00910141	0.0681495	0.00289428	0.040993
-23.3177	6.64979	4.70641	0.740793	-0.340775	-23.0099	6.86182	-23.1781	6.75533	4.90673	0.755981	-0.311335	3.57013	3.36603	3.67185	3.36041	4.61447	1.18134	0.00370937	0.00755079	0.0619471	0.00331498	0.0462192
-23.0806	6.90144	4.90673	0.740414	-0.311335	-22.7862	5.74143	-22.9928	6.92146	4.88226	0.72492	-0.330241	3.65463	3.23731	3.74376	3.28768	4.61447	5.79706	0.00392151	0.00899747	0.0685149	0.00277421	0.0398653
-22.8797	7.03539	4.88226	0.708407	-0.330241	-22.6991	7.063	-22.804	7.08393	4.94564	0.706661	-0.329129	3.76133	3.21119	3.8135	3.21431	1.21072	5.79706	0.0037553	0.00749016	0.0623005	0.00317908	0.0452702
-22.6608	7.21295	4.94564	0.690204	-0.329129	-22.418	6.76159	-22.6117	7.24273	4.96167	0.656083	-0.41383	3.93157	3.02671	3.88106	3.14038	1.21072	2.09877	0.00398346	0.00897935	0.0684227	0.00276308	0.0399898
-22.4388	7.3388	4.96167	0.635391	-0.41383	-22.5083	7.31524	-22.4161	7.39782	4.92868	0.634305	-0.416646	3.96997	2.92082	3.94647	3.06598	0.187941	2.09877	0.00380734	0.00746811	0.0621863	0.00316242	0.0453982
-22.2537	7.4737	4.92868	0.613473	-0.416646	-22.0543	7.85452	-22.2173	7.54917	5.00452	0.564841	-0.561186	4.22718	2.67883	4.00974	2.99118	0.187941	2.5009	0.0040508	0.00901936	0.0674817	0.00291759	0.0411935
-22.0109	7.59165	5.00452	0.536782	-0.561186	-22.1947	7.69478	-22.0154	7.69679	5.0075	0.552168	-0.543947	4.26334	2.62661	4.07087	2.91607	1.64621	2.5009	0.00385986	0.00748747	0.0613679	0.00330897	0.0464179
-21.8244	7.7478	5.0075	0.52497	-0.543947	-21.6178	9.0351	-21.8105	7.84064	4.9827	0.580939	-0.398763	4.16527	2.73455	4.12989	2.84074	1.64621	5.59683	0.00412406	0.009098	0.0659169	0.00317011	0.042674
-21.6433	7.93328	4.9827	0.561001	-0.398763	-21.6473	7.94	-21.6026	7.98072	4.98518	0.561924	-0.397518	4.21862	2.65618	4.18681	2.76526	0.00204712	5.59683	0.00388453	0.0075686	0.0600199	0.00353654	0.0476197
-21.4332	8.06816	4.98518	0.542048	-0.397518	-21.8637	7.78661	-21.392	8.11703	4.95204	0.554695	-0.365801	4.20954	2.60816	4.24166	2.68971	0.00204712	1.41732	0.0041874	0.00906702	0.0657076	0.0032153	0.0424623
-21.2426	8.20243	4.95204	0.536405	-0.365801	-21.0853	7.83229	-21.1787	8.24957	4.80159	0.486136	-0.433504	4.2453	2.24337	4.29447	2.61417	5.25092	1.41732	0.00392663	0.00754318	0.0598871	0.00356392	0.0474305
-21.0245	8.19952	4.80159	0.464461	-0.433504	-20.5503	9.28616	-20.9628	8.37833	4.76835	0.524087	-0.272247	4.12835	2.38619	4.34526	2.53871	5.25092	5.35859	0.00423575	0.00912605	0.0642472	0.00351543	0.0442925
-20.8361	8.36763	4.76835	0.510475	-0.272247	-21.0519	8.50983	-20.7444	8.50333	4.77382	0.531566	-0.245926	4.1151	2.41977	4.39406	2.46341	2.46483	5.35859	0.00395242	0.00757273	0.0587527	0.00384874	0.0489853
-20.6604	8.52385	4.77382	0.519269	-0.245926	-19.9265	9.40847	-20.5237	8.62457	4.86225	0.476582	-0.368925	4.32044	2.23053	4.4409	2.38835	2.46483	5.17383	0.0043049	0.00895184	0.0647047	0.00346335	0.0434184
-20.4064	8.62366	4.86225	0.458135	-0.368925	-20.21	8.68914	-20.3006	8.74206	4.9624	0.466956	-0.353195	4.43114	2.23393	4.48582	2.31358	1.46462	5.17383	0.00401761	0.00746701	0.0592484	0.00379082	0.048283
-20.1463	8.76944	4.9624	0.449296	-0.353195	-20.2277	8.8532	-20.0753	8.85583	4.91992	0.489495	-0.24357	4.34218	2.31325	4.52884	2.23919	1.46462	1.15811	0.00439278	0.00891676	0.064547	0.00348535	0.0434544
-19.9496	8.91115	4.91992	0.477316	-0.24357	-20.0633	8.86724	-19.848	8.96589	4.85818	0.470965	-0.254243	4.32928	2.20439	4.57001	2.16524	0.498583	1.15811	0.00406367	0.00746334	0.059042	0.00379383	0.0482963
-19.7572	8.99959	4.85818	0.458253	-0.254243	-19.9264	8.78179	-19.6186	9.07227	4.82247	0.481513	-0.187739	4.27413	2.23339	4.60937	2.09179	0.498583	0.636419	0.00446663	0.00882738	0.0646789	0.00345981	0.0433681
-19.5585	9.12246	4.82247	0.472126	-0.187739	-19.4861	8.96665	-19.3873	9.17499	4.76929	0.450485	-0.216158	4.29348	2.07656	4.64694	2.01891	0.98299	0.636419	0.00411673	0.0073865	0.0591935	0.00377393	0.0482754
-19.3417	9.18022	4.76929	0.439677	-0.216158	-18.5719	10.2069	-19.1542	9.27409	4.85587	0.420352	-0.280267	4.43314	1.98159	4.68278	1.94666	0.98299	4.87522	0.0045394	0.0087345	0.0646185	0.00350269	0.0437731
-19.0898	9.28603	4.85587	0.406338	-0.280267	-18.6786	9.19191	-18.9193	9.36959	4.96	0.39559	-0.288879	4.57694	1.91135	4.71692	1.8751	6.62447	4.87522	0.00418565	0.00731875	0.0591717	0.00382109	0.048652
-18.7917	9.38007	4.96	0.381146	-0.288879	-19.2825	8.98189	-18.6827	9.46154	4.93962	0.369772	-0.320735	4.60575	1.78519	4.7494	1.80429	6.62447	1.65962	0.00463749	0.00869252	0.0642545	0.00355362	0.044038
-18.5734	9.45647	4.93962	0.353735	-0.320735	-18.4242	9.46852	-18.4446	9.54996	5.002	0.357183	-0.313415	4.6863	1.74888	4.78028	1.73429	0.795025	1.65962	0.00425807	0.00729221	0.0588105	0.0038554	0.0488296
-18.3105	9.55903	5.002	0.341512	-0.313415	-18.1634	8.72444	-18.2049	9.63492	5.04845	0.276013	-0.475644	4.85737	1.37581	4.80959	1.66514	0.795025	5.67136	0.00474527	0.00865992	0.063722	0.00362748	0.0444422
-18.0379	9.5682	5.04845	0.252231	-0.475644	-17.7736	9.72478	-17.9639	9.71643	5.22634	0.280093	-0.431587	5.02267	1.44479	4.83737	1.59691	2.95316	5.67136	0.00435314	0.00725402	0.05834	0.00390831	0.0491125
-17.7239	9.71181	5.22634	0.258513	-0.431587	-17.2296	9.97767	-17.7214	9.79457	5.19574	0.302696	-0.305247	4.95952	1.54882	4.86368	1.52964	2.95316	3.18736	0.00488563	0.00868829	0.0625669	0.00376971	0.0452113
-17.4771	9.82197	5.19574	0.287433	-0.305247	-17.3436	9.88109	-17.4777	9.86936	5.27623	0.29969	-0.285138	5.04106	1.55767	4.88856	1.46338	0.684893	3.18736	0.00440801	0.00732812	0.0572752	0.00400751	0.0496467
-17.1947	9.93024	5.27623	0.285433	-0.285138	-17.1554	10.212	-17.2328	9.94087	5.28945	0.285527	-0.291526	5.0753	1.48984	4.91205	1.39818	0.684893	0.330973	0.00498534	0.00856092	0.0627305	0.00361099	0.0440174
-16.9406	10.0112	5.28945	0.27095	-0.291526	-16.8876	10.145	-16.9868	10.0091	5.37162	0.29209	-0.261568	5.1441	1.54678	4.93421	1.33408	0.586898	0.330973	0.00448108	0.00723913	0.0574681	0.0038449	0.0486485
-16.6622	10.1363	5.37162	0.279011	-0.261568	-16.5958	10.1078	-16.7396	10.0743	5.37607	0.276067	-0.26815	5.17251	1.46538	4.95507	1.27113	0.586898	0.0567936	0.00509199	0.00838143	0.063087	0.00340735	0.0429481
-16.4011	10.2068	5.37607	0.262659	-0.26815	-16.5153	10.3091	-16.4915	10.1362	5.37367	0.273932	-0.25498	5.17331	1.45368	4.97469	1.20937	0.869384	0.0567936	0.00456084	0.00711118	0.0578254	0.0036571	0.0477894
-16.1575	10.3024	5.37367	0.261183	-0.25498	-16.09	10.5824	-16.2424	10.1952	5.3939	0.255614	-0.277548	5.21864	1.36379	4.99311	1.14883	0.869384	0.39489	0.00520118	0.00822155	0.063274	0.00329342	0.0426373
-15.8935	10.3731	5.3939	0.241736	-0.277548	-16.006	10.1843	-15.9924	10.2511	5.26354	0.212609	-0.317793	5.14502	1.11066	5.01039	1.08956	1.3741	0.39489	0.00464652	0.006986	0.0580235	0.0035644	0.047567
-15.6764	10.3605	5.26354	0.196719	-0.317793	-15.7234	10.41	-15.7416	10.3041	5.23888	0.214085	-0.269184	5.11929	1.11302	5.02655	1.03159	1.3741	0.274092	0.00530876	0.00817744	0.0623744	0.00345271	0.0440328
-15.4285	10.43	5.23888	0.200626	-0.269184	-15.5699	10.1904	-15.4899	10.3543	5.07639	0.16212	-0.324814	5.00983	0.819385	5.04166	0.974957	2.19756	0.274092	0.00472654	0.00692691	0.0573158	0.00373109	0.0487436
-15.2298	10.3848	5.07639	0.145879	-0.324814	-14.2385	10.9109	-15.2376	10.4016	5.21793	0.111684	-0.431396	5.18542	0.581549	5.05576	0.919692	2.19756	7.41406	0.00541139	0.00813286	0.0609141	0.00376646	0.0459539
-14.9219	10.402	5.21793	0.0901144	-0.431396	-14.9365	10.4722	-14.9846	10.4462	5.23945	0.0998462	-0.417609	5.21336	0.52227	5.06889	0.865828	0.167865	7.41406	0.00482686	0.00688117	0.0562155	0.00402765	0.0502863
-14.6584	10.4485	5.23945	0.0789657	-0.417609	-14.724	9.63507	-14.7309	10.4882	5.11167	0.122663	-0.268205	5.07326	0.625444	5.0811	0.813394	0.167865	6.94438	0.00556861	0.00810319	0.0595791	0.00404535	0.0470981
-14.4254	10.4899	5.11167	0.109253	-0.268205	-14.4088	10.222	-14.4766	10.5276	5.01597	0.0685776	-0.327938	5.00418	0.343714	5.09243	0.762418	2.26016	6.94438	0.00489955	0.00688685	0.0551391	0.00425914	0.0511061
-14.1978	10.427	5.01597	0.0521808	-0.327938	-13.9005	10.5238	-14.2218	10.5645	5.02679	0.0595892	-0.307965	5.01787	0.299365	5.10293	0.712926	2.26016	0.614032	0.00566881	0.00807083	0.058281	0.00434808	0.0484236
-13.9383	10.4492	5.02679	0.044191	-0.307965	-13.8049	10.9383	-13.9665	10.5989	5.26562	0.131009	-0.176022	5.2205	0.687873	5.11263	0.664944	7.43754	0.614032	0.00498341	0.00685378	0.0542014	0.00451708	0.0521357
-13.6002	10.6462	5.26562	0.122208	-0.176022	-13.3956	10.7857	-13.7107	10.631	5.25192	0.165274	-0.0632704	5.18035	0.864061	5.12159	0.618496	7.43754	1.16688	0.00577999	0.00765046	0.0597835	0.00390933	0.0450347
-13.3381	10.7273	5.25192	0.162111	-0.0632704	-13.3556	10.5517	-13.4545	10.6608	5.17949	0.134789	-0.101547	5.13251	0.696028	5.12983	0.573603	0.94799	1.16688	0.00501342	0.00667521	0.0555491	0.00410113	0.0494211
-13.1029	10.7088	5.17949	0.129712	-0.101547	-12.9374	10.8137	-13.1979	10.6884	5.21023	0.111399	-0.153829	5.17793	0.579215	5.13741	0.530288	0.94799	0.43633	0.00582336	0.0074457	0.0609888	0.00362705	0.0438203
-12.8359	10.726	5.21023	0.103708	-0.153829	-12.9591	11.0099	-12.9409	10.7138	5.25456	0.137642	-0.109563	5.20486	0.720967	5.14436	0.48857	3.37052	0.43633	0.00510451	0.00646946	0.0565984	0.00386003	0.0485389
-12.5771	10.8324	5.25456	0.132164	-0.109563	-12.2518	11.2495	-12.6836	10.7373	5.28661	0.142047	-0.0942397	5.23337	0.748424	5.15071	0.448467	3.37052	1.08776	0.00594055	0.00715996	0.0621548	0.00336099	0.0427962
-12.3043	10.8888	5.28661	0.137335	-0.0942397	-12.3713	10.6091	-12.426	10.7587	5.15449	0.0970154	-0.147477	5.13025	0.499281	5.15651	0.409997	2.50093	1.08776	0.00518519	0.00628686	0.0575619	0.00363601	0.0477697
-12.0901	10.8298	5.15449	0.0896415	-0.147477	-11.9352	10.9161	-12.1681	10.7783	5.15351	0.104065	-0.108871	5.12563	0.535331	5.16179	0.373177	2.50093	0.278833	0.00604916	0.0070429	0.0623529	0.00337311	0.0435034
-11.8307	10.8703	5.15351	0.0986212	-0.108871	-11.9451	11.0515	-11.91	10.7961	5.16088	0.116828	-0.0855151	5.1257	0.601564	5.16658	0.338022	1.6791	0.278833	0.00528297	0.00616613	0.0576698	0.00367504	0.0484107
-11.5846	10.9397	5.16088	0.112552	-0.0855151	-10.9703	10.9676	-11.6516	10.8121	5.21624	0.101054	-0.117949	5.18963	0.526227	5.17092	0.304546	1.6791	2.83594	0.00616504	0.00678206	0.0631384	0.00323251	0.0426876
